30 15 5
518 754 1943 1570 1666 1410 1025 1932 1426 759 944 1046 1763 1337 973 1890 1804 1727 742 1917 1182 1171 1017 1011 1509 1259 1606 873 1541 690
1265 1673 928 1604 767 1117 1908 514 561 1092 1603 1843 1970 996 1610 1735 1426 1857 895 511 1135 599 992 1203 536 979 1012 1902 577 1035
15 26 6 22 17
9 7 18 29 9
13 12 13 25 26
30 15 15 14 17
24 26 16 5 5
17 22 30 28 13
25 26 13 22 10
20 26 25 6 23
25 23 16 27 9
25 9 10 8 29
10 26 16 10 10
9 8 30 8 18
30 29 14 26 15
30 18 20 6 27
21 17 16 17 20
13 21 9 20 13
13 11 11 24 16
15 12 5 26 23
13 9 10 10 9
13 12 7 13 20
21 20 18 15 26
9 18 24 7 18
12 26 13 8 8
27 25 22 23 25
15 7 7 8 13
13 28 5 26 17
5 11 29 28 5
28 9 29 9 17
28 5 20 8 14
30 7 18 26 8
144 58 125 176 147
65 126 117 50 172
175 86 117 55 199
140 161 50 20 125
140 65 85 56 37
128 73 117 123 42
49 75 93 83 88
192 126 143 123 192
91 195 143 190 99
122 34 129 76 194
176 25 124 24 54
93 117 144 58 140
126 30 50 194 71
116 88 171 168 64
132 159 131 122 54
63 25 67 88 47
21 58 41 26 60
68 42 69 12 93
81 76 20 10 49
29 19 31 31 8
50 36 52 40 11
17 36 30 34 51
80 54 60 42 86
29 111 35 45 35
72 8 32 36 93
50 6 60 14 17
54 55 60 29 36
30 18 22 62 30
37 25 36 100 38
28 35 44 27 12
36 29 49 20 11
14 11 10 10 17
13 30 17 25 37
43 41 34 40 33
46 26 15 10 43
21 7 28 20 17
42 46 36 36 2
47 1 20 15 26
12 27 39 32 43
36 5 1 20 40
24 22 10 23 8
30 40 9 9 26
8 39 6 43 41
24 15 40 14 8
17 44 8 19 24
26 22 30 33 27
22 20 50 34 15
25 44 29 2 21
11 49 10 11 10
14 21 3 21 45
26 2 10 29 3
12 13 28 30 32
34 28 8 47 42
40 8 46 44 23
4 30 12 9 49
33 42 39 17 11
13 46 47 26 10
6 41 14 2 11
37 34 26 21 43
1 4 26 27 36
20 40 27 2 2
18 23 34 13 26
50 10 44 48 23
6 4 32 42 49
22 42 46 24 46
43 35 8 49 33
50 42 12 2 22
16 46 42 31 3
42 4 4 40 32
27 23 28 23 5
44 6 1 26 31
40 15 33 4 26
31 11 16 28 2
28 30 22 48 25
24 48 13 44 13
27 31 15 6 27
12 9 20 26 32
15 5 21 9 43
16 30 21 34 31
37 6 45 21 38
20 17 5 17 37
19 33 40 23 28
40 43 15 17 13
10 28 45 40 8
9 17 2 34 42
49 26 6 26 31
18 15 21 21 7
8 23 31 45 30
41 7 37 14 11
32 18 9 31 11
50 45 10 6 46
29 18 11 11 34
28 38 36 46 6
50 34 10 27 6
26 35 18 49 1
42 9 1 9 39
11 41 8 7 3
4 22 10 31 9
23 46 44 42 50
9 7 18 20 22
7 4 5 27 24
6 45 36 50 43
20 30 34 15 30
29 43 13 8 17
31 5 2 37 34
30 15 1 39 36
12 12 43 12 29
16 14 31 44 24
24 2 30 4 12
18 48 49 49 27
42 27 35 48 13
4 24 25 37 11
35 24 15 30 46
7 22 36 1 5
1 39 8 13 9
13 20 25 30 19
47 24 46 10 2
32 36 31 49 9
1 17 21 28 19
16 4 6 14 14
24 47 49 41 22
10 18 11 37 34
21 1 37 43 44
17 37 8 30 49
46 10 42 29 30
39 8 32 1 6
31 9 40 39 17
42 14 48 2 43
28 8 48 13 12
3 10 13 43 37
37 30 17 49 26
10 41 48 5 24
25 45 23 38 26
48 47 29 49 42
8 17 14 20 30
30 22 37 26 39
26 2 32 21 34
12 7 41 13 34
9 40 33 31 12
31 37 30 26 9
41 31 28 14 20
23 37 6 30 34
29 10 19 35 14
34 20 21 46 30
46 26 30 43 14
1 4 42 15 4
41 27 36 37 17
9 1 44 49 1
47 36 33 36 4
25 25 45 34 37
23 29 3 49 10
6 1 23 3 2
49 41 50 49 4
48 36 43 9 24
27 18 27 41 20
12 4 14 19 3
21 24 7 38 29
37 22 18 17 20
27 18 11 24 39
13 50 21 43 46
5 25 37 38 49
17 8 49 16 17
32 14 21 1 13
50 32 13 19 17
8 15 23 13 27
22 34 8 22 2
39 11 48 46 17
16 37 18 1 31
5 2 25 7 1
3 5 5 13 12
17 17 29 43 2
29 47 25 39 22
34 42 11 38 45
30 1 14 5 6
35 39 14 33 32
10 39 25 29 18
14 40 31 34 26
30 27 11 20 29
25 49 13 26 40
43 30 1 33 40
31 15 44 3 22
43 42 2 4 26
10 11 22 47 20
50 49 49 13 35
15 16 31 9 11
19 1 16 15 17
20 7 42 24 9
14 9 27 25 33
4 27 38 12 48
37 32 15 19 27
36 18 33 7 11
28 24 42 2 24
5 25 13 36 29
12 50 41 9 24
1 16 3 31 4
46 35 47 13 7
19 48 23 2 23
11 4 30 5 31
2 47 40 46 24
12 28 26 46 35
19 27 33 26 37
8 16 36 6 40
21 22 45 35 22
5 23 19 45 6
7 47 4 28 45
36 24 43 5 44
48 25 36 6 7
43 46 48 46 20
28 14 13 46 36
47 39 23 34 49
25 15 31 23 42
44 19 9 50 15
36 9 50 41 20
27 14 27 16 9
42 11 42 39 35
24 8 37 1 21
15 39 45 2 23
30 37 43 10 25
22 25 46 27 11
11 23 49 28 26
45 17 20 31 46
17 6 42 31 24
39 32 40 30 47
38 33 36 1 36
9 43 27 50 43
35 37 7 20 19
9 8 3 35 8
6 22 44 24 6
19 46 41 28 46
3 13 19 27 26
5 40 10 43 27
9 43 46 17 21
40 47 10 11 36
17 18 11 12 12
50 5 32 24 36
27 14 46 41 14
13 19 21 40 5
18 27 21 24 4
50 1 18 46 31
29 35 6 8 6
35 1 11 15 20
46 3 43 44 50
31 31 1 5 33
27 22 15 16 9
18 43 11 37 34
26 48 25 30 45
7 16 22 3 41
18 36 44 26 12
14 43 10 30 26
46 50 15 36 42
47 28 14 41 50
22 42 18 39 43
39 13 32 28 23
33 14 43 20 40
7 4 33 34 10
6 26 13 20 44
8 26 42 39 4
21 33 41 27 15
8 33 37 22 35
23 43 12 2 9
4 46 42 1 40
48 1 37 31 29
31 38 39 22 44
25 4 2 6 48
27 11 5 11 35
27 42 41 40 21
7 14 33 2 15
13 46 44 9 7
1 10 21 40 39
26 7 23 16 37
33 41 41 39 24
15 50 7 44 25
9 19 4 3 12
29 13 19 47 50
19 29 37 36 18
36 7 48 17 30
12 24 30 9 12
38 38 32 35 25
11 12 11 37 25
13 1 21 6 49
33 15 22 12 4
36 9 36 20 5
23 24 49 30 14
49 25 33 36 50
13 33 50 25 50
13 20 2 29 41
38 19 22 14 27
36 22 8 4 31
13 23 47 43 45
11 41 25 12 36
33 29 35 1 9
14 22 33 30 3
34 2 12 13 31
38 4 39 4 1
28 32 21 11 38
29 7 1 30 47
39 31 28 29 43
20 19 48 2 35
26 45 11 40 18
22 21 45 48 44
46 17 50 32 50
46 27 5 27 34
41 40 36 43 41
18 48 15 7 34
25 27 29 28 33
35 31 16 8 31
14 27 46 38 18
48 6 17 3 9
21 25 45 41 40
43 34 34 49 26
30 32 46 43 42
41 37 11 34 45
27 47 4 5 44
39 20 20 4 26
37 49 10 38 6
5 4 11 31 11
18 31 26 41 50
12 16 5 25 20
31 4 42 12 24
47 43 25 14 29
38 39 22 12 8
34 10 18 2 32
40 40 11 2 16
20 12 1 27 7
31 23 22 5 31
11 31 38 36 23
8 31 1 6 10
3 49 35 26 23
14 13 40 13 46
21 15 39 5 35
12 11 18 3 36
18 30 8 22 19
32 36 41 14 42
26 21 32 39 9
29 44 24 14 45
7 42 17 42 32
13 33 24 48 1
27 6 14 16 44
21 14 30 42 23
16 12 2 44 13
17 49 49 16 40
3 15 47 44 45
31 31 26 32 30
16 3 20 20 46
34 21 32 50 28
1 38 31 16 20
12 22 41 50 12
21 37 34 8 36
50 36 38 28 50
19 35 20 15 16
43 13 33 43 50
40 30 22 34 2
44 10 20 16 12
25 24 45 38 20
28 43 45 25 48
14 17 34 26 44
46 7 20 30 28
32 48 3 22 3
50 20 11 38 36
35 4 31 46 46
19 24 34 22 6
21 25 36 13 47
28 42 18 13 34
24 23 21 49 16
11 2 24 32 13
13 3 8 19 4
10 23 31 36 22
1 35 3 28 18
25 6 23 21 15
15 24 29 19 30
33 17 32 16 31
33 21 27 13 39
48 43 2 11 44
4 17 47 5 11
11 34 48 17 28
24 36 16 21 49
19 43 36 17 35
49 44 43 49 3
44 33 29 40 7
45 21 27 12 16
45 9 50 5 22
48 30 1 50 48
31 24 46 38 12
19 25 36 44 42
28 13 49 28 18
32 7 41 12 19
42 8 39 46 5
6 8 49 15 43
44 49 37 30 26
47 19 5 48 45
11 11 7 27 39
44 2 21 19 43
4 9 39 17 18
1 14 41 28 13
16 41 36 39 20
8 22 23 27 31
25 1 25 38 36
26 24 23 8 39
14 2 7 6 32
12 42 33 5 15
3 44 21 10 40
41 44 8 14 37
8 39 26 35 20
12 28 15 25 32
35 18 32 21 21
32 39 6 43 22
9 40 41 20 38
22 43 42 8 25
28 28 3 43 7
30 19 34 34 15
22 43 8 31 15
33 47 49 30 35
9 5 8 13 4
31 20 32 40 32
12 9 48 48 31
15 12 33 7 32
32 6 44 34 15
50 14 48 35 13
28 29 19 46 22
22 18 45 49 28
6 43 40 17 22
10 2 38 36 46
32 38 44 46 16
10 9 7 36 43
49 35 4 20 8
7 19 2 28 37
5 34 43 7 36
44 34 2 31 14
36 26 36 44 21
14 42 15 43 44
26 11 14 24 23
7 32 17 7 27
9 1 6 48 11
14 12 38 16 17
21 11 5 46 26
19 4 21 45 39
15 3 27 50 49
14 8 12 8 36
38 25 48 44 16
17 20 44 49 23
6 19 25 20 3
18 33 24 43 34
2 9 35 15 34
46 40 43 43 41
23 45 25 5 30
41 48 17 3 24
9 40 12 46 1
43 41 19 6 16
47 2 30 3 7
47 43 27 34 8
9 49 50 34 28
40 13 3 42 13
40 27 15 10 22
50 1 50 39 47
39 15 21 41 43
16 10 44 18 22
19 19 26 33 15
35 25 16 18 19
45 11 47 4 9
22 32 15 7 15
35 36 49 10 17
17 13 34 38 43
45 29 46 6 6
13 5 15 37 47
2 48 1 47 39
27 6 50 35 21
11 34 1 7 6
29 16 38 41 36
18 6 29 37 36
13 38 28 15 11
40 49 40 15 20
45 15 2 33 30
3 43 36 41 3
34 16 6 8 49
6 18 36 37 2
47 4 44 25 12
38 43 17 12 15
17 5 11 31 9
27 23 8 14 14
26 34 43 24 29
