30 15 5
1344 553 1979 1073 1216 1099 1095 1735 1561 1262 1653 1798 1800 921 827 720 1017 992 740 1165 1476 1923 1423 1286 1886 1261 1206 1964 1134 886
1476 1372 646 683 911 1507 1125 1301 684 1194 1933 1185 1386 1859 945 1421 681 1168 1405 1598 636 876 812 786 1784 519 855 1440 825 570
15 21 16 29 18
23 27 18 25 21
18 11 12 18 10
19 20 27 7 16
18 6 24 17 9
24 14 17 28 18
16 9 7 23 22
9 12 25 23 19
21 21 20 17 6
12 16 19 18 29
20 20 8 20 16
24 20 26 14 27
17 11 24 22 27
24 20 7 30 20
29 21 17 20 15
5 15 18 30 18
7 14 19 28 12
7 30 24 6 12
25 21 14 8 30
19 19 9 25 12
18 29 13 8 24
10 24 29 5 26
23 27 23 10 25
7 29 11 16 9
18 11 7 7 23
6 27 16 6 20
5 14 14 20 11
19 16 21 5 30
21 29 15 26 14
23 23 11 14 11
126 134 147 159 35
132 37 47 59 171
114 196 21 73 123
44 88 156 98 24
50 166 114 72 84
44 118 170 89 172
23 168 83 132 73
103 149 171 120 60
77 189 63 164 21
136 46 93 175 109
179 27 145 37 174
28 198 53 108 128
34 55 98 197 53
125 126 30 36 71
66 31 22 119 154
32 31 35 84 9
53 12 26 35 90
41 80 7 23 65
14 46 61 51 12
28 54 43 42 22
9 53 55 37 85
10 46 40 32 18
50 57 40 61 29
28 38 30 51 11
60 13 27 41 32
71 9 82 18 67
16 118 18 51 26
7 28 48 47 19
68 75 17 14 14
14 9 11 63 47
5 5 38 26 10
41 41 15 1 44
28 47 37 12 8
30 15 10 2 33
24 39 41 22 24
47 49 43 45 2
37 9 46 46 22
18 18 30 1 29
40 45 46 13 33
29 46 25 17 31
5 14 50 7 39
39 7 46 32 29
44 8 14 25 43
42 11 8 40 29
48 15 45 5 25
14 30 44 18 32
21 8 47 39 19
50 23 37 31 10
49 37 24 36 5
11 11 17 8 50
23 13 48 44 15
49 24 8 27 3
39 47 17 12 35
44 45 16 32 49
12 36 38 12 31
13 33 48 48 19
32 1 11 29 47
46 40 19 13 15
46 38 46 32 40
5 28 45 50 38
34 41 40 50 43
20 24 45 50 42
30 3 31 26 13
24 8 38 5 47
38 22 32 23 42
11 23 46 8 47
6 17 30 47 38
31 11 13 42 27
26 28 18 47 4
43 20 22 45 33
5 47 9 31 39
43 47 7 22 29
22 34 40 34 34
12 43 9 26 10
35 37 24 41 18
40 22 26 31 46
21 32 41 19 44
36 47 13 20 43
37 39 23 49 32
16 10 17 45 6
43 15 27 44 20
19 39 26 19 10
34 23 34 25 27
27 22 12 5 21
47 29 2 47 36
19 41 7 44 47
19 34 14 38 32
42 35 32 30 30
6 45 27 39 36
36 21 49 19 2
47 38 48 10 4
31 23 49 3 47
8 39 2 6 8
28 48 6 10 40
9 2 29 37 22
40 26 38 14 33
34 6 21 34 33
14 20 25 45 45
5 21 10 44 8
48 4 10 50 7
44 23 33 29 31
18 32 46 43 22
39 44 37 32 24
17 34 22 15 5
20 7 11 3 47
7 49 8 47 47
1 36 27 47 43
10 5 33 41 44
50 40 35 38 23
50 48 32 8 1
38 19 25 20 27
35 37 42 18 31
6 37 7 2 5
10 35 13 24 3
15 4 28 40 45
12 50 36 34 34
24 44 3 50 41
47 33 18 31 15
3 6 35 28 47
42 12 43 4 36
39 19 41 33 50
24 2 9 44 18
21 36 46 43 35
9 46 26 28 27
10 16 30 47 47
37 16 14 2 29
9 19 16 36 49
11 36 37 32 4
47 35 12 33 15
41 23 5 9 18
30 45 6 18 42
48 15 38 32 39
4 22 41 48 1
33 28 8 48 15
48 6 44 46 15
44 9 25 19 42
1 37 41 31 5
21 12 50 16 6
49 19 10 13 13
46 27 8 29 9
37 49 1 18 46
10 6 42 20 40
10 5 2 48 41
30 32 41 28 39
47 32 15 20 11
44 1 45 20 31
3 39 42 46 25
43 27 25 10 21
13 40 28 17 21
44 45 25 15 46
2 28 29 36 17
14 9 37 3 1
46 13 26 32 28
41 18 30 26 28
5 4 28 31 25
42 6 49 30 38
46 17 35 18 22
23 18 14 26 17
23 36 20 5 38
20 30 10 41 21
41 40 11 14 3
14 39 17 41 19
31 40 16 24 3
18 39 6 19 17
1 31 25 2 24
37 29 35 39 4
8 35 22 49 15
33 10 32 25 40
37 5 29 12 14
50 39 16 50 12
20 11 16 37 49
32 28 28 14 20
19 12 3 36 21
28 48 6 29 5
26 48 10 42 39
39 2 49 24 37
45 27 2 17 22
29 38 33 37 10
17 16 35 28 9
25 38 28 36 13
29 17 33 21 18
28 46 9 13 10
6 47 31 24 48
32 3 3 35 33
18 40 17 48 1
5 22 17 1 5
1 11 18 17 35
27 34 44 38 2
39 27 10 27 45
36 44 43 32 35
50 29 2 47 22
13 26 14 40 42
21 30 37 10 6
4 33 14 18 38
12 41 20 33 9
35 7 13 26 22
36 10 8 12 32
26 43 38 26 15
31 41 47 8 38
34 7 49 15 26
20 1 29 6 10
38 7 10 43 39
6 23 40 15 24
33 48 35 46 2
29 50 17 42 18
11 10 38 41 19
40 36 44 43 28
8 5 27 20 49
1 23 5 26 30
47 33 28 24 45
8 4 14 47 13
17 42 22 29 32
16 30 37 14 14
8 10 14 15 33
28 6 32 18 17
29 41 28 22 2
41 20 27 1 50
14 3 32 13 22
42 27 13 19 20
11 11 48 34 10
41 47 29 19 10
40 22 13 11 14
47 37 9 18 29
35 15 41 12 9
29 13 35 5 10
12 48 50 6 39
23 48 25 47 19
4 12 31 12 20
35 42 31 45 42
5 26 13 31 20
35 24 14 38 4
13 21 4 10 24
39 13 10 49 25
22 37 12 18 29
47 13 28 9 7
14 19 21 28 28
36 20 43 43 6
8 43 42 19 46
23 47 15 34 11
23 26 39 4 23
38 26 43 39 35
43 32 3 5 5
38 23 35 4 35
18 28 20 31 48
22 49 1 2 34
50 19 23 26 13
43 8 34 31 36
37 23 33 47 13
10 16 39 13 48
13 22 48 18 36
12 3 17 4 28
47 26 39 36 3
48 7 15 3 9
24 22 26 45 23
38 44 34 5 29
32 1 41 14 32
49 43 38 38 29
38 11 8 19 36
33 46 32 44 4
45 4 24 37 4
21 4 46 27 48
34 9 1 9 31
22 43 47 6 30
33 34 3 1 39
3 43 25 10 4
1 31 19 44 26
5 42 45 18 27
10 42 35 22 20
21 4 7 18 32
8 14 31 19 19
37 23 28 30 9
41 35 21 49 2
42 23 8 20 19
9 24 16 45 6
38 28 31 11 43
10 4 13 43 20
2 20 42 50 48
26 3 10 8 24
33 46 32 26 33
19 41 34 2 18
9 41 11 6 44
37 1 10 33 21
10 8 41 8 44
15 7 29 25 43
11 33 15 42 45
42 25 43 44 20
18 11 38 6 24
33 22 30 44 23
41 37 40 13 36
7 29 19 29 26
12 1 38 36 46
27 34 11 6 2
7 24 22 37 2
10 41 1 14 15
15 42 7 7 24
32 20 34 28 43
24 30 20 45 24
50 12 35 10 33
39 28 25 26 24
25 18 17 45 6
49 3 30 38 44
3 40 25 5 40
27 40 32 4 15
16 37 44 3 22
28 8 43 29 22
20 18 28 23 6
28 17 13 31 8
33 41 18 44 3
27 7 42 41 36
39 47 13 44 1
46 34 48 9 8
33 2 28 22 4
23 44 6 19 28
48 14 37 30 36
40 5 47 10 4
6 38 5 25 10
48 19 28 41 1
9 19 40 25 41
25 10 11 29 31
41 9 1 24 46
14 30 6 44 42
27 36 17 46 44
34 13 41 17 50
22 30 43 19 42
44 9 38 46 25
37 7 27 25 17
45 37 24 31 33
30 9 29 1 27
10 27 7 15 44
43 34 39 43 18
10 47 34 33 36
36 9 25 8 8
1 27 8 3 19
27 50 27 10 45
43 3 24 46 28
36 6 13 20 24
49 11 13 1 38
29 12 30 27 13
45 33 48 33 41
38 45 25 6 29
45 6 33 37 32
5 44 36 23 18
5 49 44 38 27
31 35 31 18 9
8 2 20 18 43
45 44 44 31 10
25 14 19 39 26
32 34 24 8 50
23 7 32 17 30
49 43 21 16 17
27 35 26 17 40
31 27 37 2 21
50 21 24 14 38
10 43 12 12 35
6 10 25 35 44
50 8 26 9 8
30 27 2 41 35
38 23 24 42 8
47 49 26 20 16
8 3 27 7 45
50 10 30 39 47
40 50 1 19 40
37 17 16 26 18
9 2 12 11 41
2 21 3 29 36
6 28 46 21 23
21 40 32 23 37
49 48 9 21 25
10 10 11 3 18
33 43 26 37 31
37 1 16 44 7
24 10 36 49 2
39 15 43 30 9
38 42 25 24 49
46 10 44 21 5
7 47 13 22 43
37 40 4 9 5
34 13 37 8 31
34 12 38 35 50
7 36 16 36 38
8 7 45 41 15
16 32 37 9 1
43 37 14 19 46
39 38 12 1 20
37 13 27 10 43
10 8 41 2 43
18 36 6 37 37
40 6 13 43 27
46 19 48 28 35
9 47 27 27 48
50 21 30 27 40
41 40 13 36 24
38 39 27 45 32
5 8 25 15 13
30 17 19 45 13
5 33 49 17 37
2 43 6 8 3
2 26 2 37 50
16 26 30 1 49
20 4 34 39 30
11 24 14 16 13
7 1 48 28 16
20 49 26 7 11
19 18 22 48 37
12 41 30 5 21
21 50 28 39 17
39 20 47 47 4
36 9 4 3 13
18 34 16 30 15
32 3 22 24 39
32 14 43 24 19
3 46 8 13 29
12 40 20 5 38
33 36 7 13 33
29 42 37 47 41
19 28 28 1 41
41 29 16 42 35
42 26 25 38 6
21 15 22 30 41
40 39 28 12 27
48 33 38 44 43
6 18 41 3 7
8 29 18 32 1
46 47 21 1 25
36 35 2 6 30
11 40 20 19 3
6 22 7 38 42
38 43 19 30 10
21 8 17 28 34
34 19 31 16 43
43 30 24 39 36
38 20 39 17 2
48 44 7 42 39
4 2 34 33 44
11 26 32 50 12
16 39 31 1 33
27 1 37 32 33
8 19 16 40 6
34 20 25 35 15
32 36 44 36 22
41 41 24 3 13
24 7 31 12 42
23 43 3 7 49
5 19 46 45 42
6 13 48 24 13
8 40 5 21 27
47 29 34 19 32
2 31 45 39 22
18 36 36 12 33
26 50 10 45 45
26 10 27 28 17
26 35 50 39 35
48 16 46 17 10
19 1 34 34 27
48 38 19 43 49
2 16 37 34 19
42 9 41 29 22
21 33 22 35 8
25 26 25 10 21
6 1 15 6 6
32 48 4 21 6
12 21 2 42 7
36 30 4 4 1
8 2 48 45 24
43 29 47 49 21
29 42 3 34 31
49 19 32 26 35
16 10 29 33 4
5 10 32 44 25
3 13 42 36 15
39 39 16 6 7
23 48 42 7 43
21 25 46 33 20
50 3 50 46 44
22 11 9 21 35
49 20 40 13 39
39 48 8 13 46
32 21 30 50 1
28 42 41 20 1
33 4 36 42 5
