30 15 5
976 1115 1841 1504 599 1993 1507 1837 502 1151 852 1464 1995 764 1003 632 1514 1985 1124 593 1520 1845 1322 551 1841 744 1784 576 1965 1132
1963 854 1837 528 1358 1549 1321 1961 1638 705 1293 1403 1855 1646 1902 1632 1176 1679 1954 882 1473 1705 1515 1186 1033 1802 1154 1004 961 1436
16 25 8 17 27
8 17 18 18 14
19 18 28 16 30
27 10 11 16 18
25 24 29 24 19
7 19 9 20 6
6 6 30 19 20
25 28 21 9 19
9 11 9 7 29
12 7 28 21 28
5 29 14 22 16
18 17 21 25 16
23 18 30 21 22
12 20 25 12 26
29 20 19 20 20
12 26 21 13 21
9 30 16 16 15
22 21 12 5 6
5 11 12 10 26
9 15 24 18 17
21 24 16 30 27
23 27 15 27 13
17 14 24 27 11
16 16 13 20 25
10 11 25 7 26
12 9 12 10 15
17 6 10 12 16
7 17 10 18 23
19 8 11 8 8
10 30 15 19 6
64 96 161 58 75
71 46 33 21 21
180 90 181 125 191
191 158 188 176 42
65 199 99 73 183
68 101 187 53 87
102 52 128 37 183
151 70 25 59 151
172 108 116 25 29
135 180 139 67 147
183 152 26 196 137
187 100 140 44 34
152 90 93 75 173
112 81 102 84 119
27 132 137 31 62
23 54 57 16 37
26 13 12 6 12
91 40 65 48 56
100 87 69 50 10
26 92 39 19 103
30 61 68 15 34
48 12 32 16 96
31 26 10 16 81
87 27 41 6 11
46 80 57 33 80
88 56 7 104 38
56 30 66 16 17
55 40 49 38 96
58 38 26 39 39
9 78 42 14 32
19 43 36 43 18
44 32 49 47 9
7 28 30 50 43
23 19 35 21 40
10 18 30 15 11
6 40 26 5 1
1 33 1 46 26
48 6 46 35 35
26 5 20 50 26
42 13 21 23 35
31 26 19 24 22
43 11 32 33 16
2 36 31 32 23
40 38 1 49 26
16 11 19 23 10
11 2 19 35 18
45 5 31 14 36
17 29 11 38 24
15 45 48 8 9
30 32 45 8 35
30 14 30 18 34
26 50 1 26 5
20 14 21 6 25
42 11 44 2 42
36 30 38 3 21
32 19 24 48 37
26 11 46 30 17
44 50 42 42 26
7 5 44 40 11
17 10 17 47 40
6 9 11 32 9
7 44 48 18 12
8 26 15 13 40
13 6 1 4 10
41 17 30 20 2
7 2 8 33 44
13 27 21 5 3
42 10 7 19 4
15 15 10 37 2
4 7 18 1 46
8 50 48 20 34
47 50 6 45 26
17 47 22 37 30
9 43 47 33 24
5 18 13 13 14
48 32 47 45 1
32 26 36 42 43
35 33 37 25 26
23 8 16 49 20
8 2 31 25 45
31 29 40 20 37
21 16 39 38 31
47 4 16 40 14
14 30 39 35 6
48 23 41 35 34
7 7 14 19 23
15 38 16 21 27
2 47 43 50 41
50 7 20 27 50
10 46 25 16 20
10 18 45 4 5
46 31 44 1 43
29 30 24 21 41
20 6 16 49 37
18 33 39 35 46
11 35 49 39 6
3 44 7 43 28
9 46 11 25 3
25 22 27 36 48
25 27 18 3 26
17 20 23 30 47
23 34 36 22 29
22 3 41 38 14
25 44 40 19 45
14 1 3 34 50
50 29 4 21 18
27 36 47 47 47
41 19 9 11 22
43 13 30 23 8
16 27 17 2 14
47 45 44 10 42
32 50 16 27 31
17 28 6 33 4
49 26 20 50 21
43 23 29 9 26
42 47 27 12 17
29 27 48 21 35
50 29 1 11 37
28 26 13 34 5
49 3 26 8 25
10 50 38 33 9
34 5 19 24 15
16 12 31 41 14
14 3 4 15 37
34 23 38 50 36
42 26 4 28 45
28 34 18 12 27
30 23 12 36 20
24 26 13 6 9
9 15 24 39 27
12 7 14 22 39
27 48 49 22 9
24 8 43 22 12
27 50 7 42 44
25 10 7 11 38
26 35 34 11 25
24 4 4 7 31
26 44 2 26 38
37 27 14 43 22
36 16 2 17 1
31 29 20 49 7
50 29 22 13 43
24 39 15 11 41
12 15 10 20 17
36 34 35 23 22
39 9 13 17 11
35 11 48 1 44
24 35 25 5 36
17 18 11 44 2
45 16 49 6 40
11 6 12 8 46
19 35 18 14 35
7 31 34 17 48
23 10 14 32 31
24 25 1 27 15
38 9 40 17 6
5 36 39 30 14
4 12 29 46 49
23 15 42 27 46
8 15 44 28 14
10 30 25 2 14
9 34 26 15 5
12 22 7 18 15
16 48 24 34 16
48 33 47 9 8
50 37 26 22 39
6 42 9 21 47
14 10 33 37 21
13 19 16 24 17
36 33 46 31 47
39 36 44 32 20
49 6 37 24 9
47 36 3 8 26
47 31 11 21 29
13 43 34 2 15
24 22 13 6 38
39 38 10 37 31
11 31 7 20 40
47 11 16 45 28
30 24 6 15 12
19 20 33 20 42
8 13 11 47 27
1 37 19 15 44
20 31 2 17 27
39 15 48 8 12
9 35 42 13 42
29 36 27 47 5
2 12 4 35 46
23 1 18 13 24
32 15 25 27 44
6 9 45 48 49
5 22 34 27 43
14 7 2 33 18
4 14 23 3 50
11 30 2 27 14
45 41 8 10 35
47 49 9 12 48
38 43 4 42 15
27 8 47 42 49
46 7 31 10 24
30 33 2 42 35
18 5 12 31 11
26 21 23 5 26
45 6 26 17 44
22 17 10 43 48
6 41 43 21 32
37 27 19 50 23
31 1 33 23 29
39 1 25 42 2
47 30 36 50 27
23 32 46 50 23
7 16 12 19 33
27 13 1 43 31
24 2 14 25 27
4 49 9 13 23
17 24 26 45 12
13 11 49 18 37
16 39 25 38 11
43 29 27 35 32
32 29 38 13 20
9 24 2 3 31
36 45 16 32 34
7 16 24 41 35
2 6 49 30 2
39 49 41 4 34
9 34 37 11 50
12 13 1 23 2
29 18 45 50 48
4 22 14 26 50
13 26 38 37 47
24 40 21 26 5
42 16 30 20 28
41 30 2 3 46
3 38 9 24 23
47 41 33 36 40
36 20 4 25 47
40 8 2 26 27
38 22 38 7 49
33 5 40 23 45
43 5 14 3 47
38 14 24 19 32
8 34 17 16 21
36 50 45 30 11
19 39 39 40 2
13 18 12 28 27
23 42 46 6 24
10 4 7 18 35
31 43 9 9 33
17 36 49 50 32
46 12 35 22 26
1 1 37 39 38
20 14 9 9 19
44 44 25 13 9
33 30 10 37 21
25 43 21 8 29
37 17 4 44 44
20 17 20 22 42
31 30 33 5 24
37 8 11 9 49
12 13 25 28 28
8 19 5 39 44
19 41 22 23 49
13 37 31 12 23
9 39 6 18 28
28 28 23 23 27
37 6 2 41 9
47 44 11 40 17
45 44 14 14 48
26 40 40 20 14
31 28 15 31 45
37 5 29 19 33
4 42 46 12 27
16 36 24 26 8
40 9 48 39 16
33 50 24 5 36
1 44 12 32 4
29 19 25 38 26
43 31 47 50 28
33 35 19 1 42
30 23 34 50 37
26 33 20 42 31
49 12 45 14 31
48 7 19 37 42
3 9 3 13 14
47 27 10 8 15
32 30 32 47 21
22 28 25 14 47
41 25 29 10 11
5 28 49 43 34
41 20 24 26 38
28 4 42 35 36
24 41 5 18 35
39 22 17 32 28
45 25 29 8 33
6 7 1 22 28
42 4 3 46 2
1 29 42 31 41
21 40 3 44 20
34 20 32 13 27
4 38 3 36 22
43 17 20 45 1
4 37 9 13 30
34 42 41 30 4
45 42 48 21 36
38 40 40 12 17
45 15 44 20 50
49 20 17 34 48
6 15 31 50 40
10 18 46 43 7
3 23 40 5 5
37 16 5 25 27
21 5 25 18 1
49 14 25 38 33
23 22 9 48 7
26 19 31 22 47
43 30 37 1 26
25 13 19 21 16
29 23 48 23 24
6 7 35 49 19
20 23 24 29 45
34 47 32 23 33
12 19 11 27 45
40 29 47 48 39
32 38 37 7 33
46 46 40 6 33
2 18 35 45 33
47 37 33 41 24
29 25 41 18 30
43 40 38 48 6
50 5 18 6 37
43 49 41 45 8
37 35 9 3 2
26 4 44 21 34
38 23 44 28 40
31 49 5 28 17
30 42 22 30 28
13 14 20 5 11
19 20 34 43 10
34 7 20 22 46
16 30 15 16 19
35 49 7 23 1
12 14 5 22 10
8 36 6 19 39
11 3 23 6 42
19 43 18 21 48
34 33 33 46 43
24 42 13 48 46
14 43 12 42 44
44 33 31 12 3
7 44 9 21 45
8 6 33 23 8
18 26 38 41 19
24 14 22 47 46
8 28 47 27 33
33 9 38 40 4
19 22 30 17 10
17 6 3 8 33
19 13 29 4 5
29 45 39 16 12
3 50 2 36 20
13 7 46 41 40
44 7 14 14 34
36 45 46 3 22
33 45 16 28 1
37 20 18 35 20
34 46 32 16 8
20 32 31 28 14
20 13 3 11 30
12 44 33 16 6
2 28 30 39 28
20 6 45 36 13
39 25 19 4 7
7 49 25 29 41
13 37 22 43 19
13 24 24 40 13
27 22 2 32 27
47 21 49 28 34
24 24 38 35 28
32 26 31 25 30
14 47 38 15 3
24 23 25 11 4
10 36 8 5 24
39 48 46 18 30
43 43 15 42 22
8 19 1 11 3
36 21 46 17 43
3 7 18 14 4
15 45 8 26 40
7 28 30 49 32
17 45 10 18 49
35 19 36 30 6
3 29 40 50 2
5 21 44 30 41
38 14 6 15 1
18 21 2 23 9
13 12 49 34 45
49 16 45 40 35
13 44 23 30 7
6 19 19 14 25
48 49 16 2 18
26 35 8 15 37
7 22 26 9 20
45 31 35 30 46
6 4 5 39 23
7 38 10 50 13
45 8 24 19 6
50 40 39 9 37
12 16 27 26 11
43 20 35 14 20
41 18 50 46 26
39 11 26 37 46
11 7 26 12 18
16 30 41 32 10
4 37 1 21 28
25 7 6 20 10
24 22 46 14 43
22 47 41 22 9
20 48 7 30 48
12 27 28 13 14
8 22 30 34 47
37 39 41 24 2
44 40 32 34 1
36 11 40 41 11
8 31 2 48 15
42 36 27 9 19
49 16 25 16 4
23 42 47 24 12
43 3 12 43 38
39 31 35 6 35
21 22 19 14 11
6 31 35 29 36
33 29 44 21 7
48 46 37 6 37
12 50 10 24 32
19 36 21 11 42
50 8 49 34 17
32 23 34 3 43
22 13 31 42 27
34 32 50 12 9
25 37 21 41 2
10 45 15 24 35
3 42 13 37 3
31 50 35 13 9
35 17 36 33 9
24 8 48 31 39
41 8 37 4 16
34 5 10 15 4
20 11 28 35 9
11 48 43 18 5
19 29 45 10 39
34 10 1 43 15
1 36 36 32 18
10 23 36 9 35
19 16 27 7 50
33 47 3 18 11
23 23 2 21 50
18 48 47 28 34
39 42 13 31 8
9 22 13 31 30
25 42 46 25 29
22 31 21 50 6
26 18 21 41 5
16 32 28 1 9
24 9 17 4 4
41 41 47 3 29
34 32 27 18 21
10 6 26 18 31
17 14 16 1 39
24 34 14 14 23
34 22 7 21 18
7 8 4 25 34
38 15 16 10 3
29 29 19 35 32
27 1 47 20 49
5 50 48 45 16
41 46 25 14 22
14 36 39 28 2
41 11 38 37 29
50 47 30 3 27
49 19 22 4 28
