30 15 5
1985 1966 1621 1695 607 1475 977 1791 1885 566 1805 1918 1366 1244 821 973 1198 1280 1195 1464 1120 1030 1793 1060 1031 1569 1199 710 1698 1184
989 1452 1371 979 1425 1612 964 652 1791 602 1044 1779 995 614 1476 525 1340 1717 972 1524 870 1022 611 1980 1057 1573 1677 1985 1504 1419
15 22 11 13 14
6 28 22 13 16
12 17 7 14 11
10 13 15 25 8
25 8 13 17 21
11 18 27 30 6
7 21 23 23 29
22 9 15 17 17
23 24 25 5 9
15 13 20 6 12
29 26 16 20 8
13 13 23 26 24
18 21 24 15 14
21 30 22 21 8
6 11 23 20 21
7 17 12 20 28
18 10 15 12 22
11 8 27 13 9
6 16 12 16 5
16 7 29 20 13
11 18 15 21 28
19 21 16 15 27
9 20 22 23 29
17 11 25 22 9
9 7 11 7 24
18 10 15 30 6
12 24 25 19 28
16 24 26 13 6
16 20 11 29 26
19 10 25 21 10
38 108 118 71 80
148 75 39 125 48
178 101 37 169 65
73 138 163 63 163
117 55 161 195 52
164 181 61 32 158
52 199 198 43 200
29 175 62 113 161
77 86 144 80 24
93 148 182 161 62
172 54 109 122 139
86 160 136 34 200
162 43 157 180 198
156 68 193 146 44
119 144 84 185 94
14 27 46 42 25
89 31 8 39 28
100 24 8 59 37
33 38 88 29 55
46 22 73 112 29
46 64 16 10 81
21 77 107 24 99
11 88 29 58 80
35 27 80 34 12
31 76 69 49 13
62 13 38 26 77
31 43 54 19 80
94 10 92 101 45
56 19 45 36 16
62 83 29 52 35
32 39 11 28 41
34 32 8 18 17
40 8 36 17 44
30 11 3 2 48
32 23 49 14 8
14 35 6 8 8
27 18 18 35 10
45 19 8 46 31
41 19 35 11 1
41 27 38 6 42
23 31 26 36 43
37 36 25 23 10
13 49 31 35 23
44 10 36 45 42
18 31 3 1 5
50 19 47 16 2
16 20 12 12 26
10 43 9 7 15
33 9 19 21 14
50 48 11 37 22
18 9 41 39 6
33 39 12 5 10
43 21 12 43 41
46 3 19 45 24
26 44 49 25 16
12 50 18 15 47
33 36 11 19 39
25 6 44 40 28
33 27 24 50 20
37 37 40 9 47
9 49 30 45 27
10 4 8 22 38
45 41 8 23 50
28 10 40 7 5
32 11 27 8 40
20 8 8 9 36
15 17 45 25 4
14 45 8 18 36
22 32 26 14 35
29 20 28 29 29
46 46 44 5 8
21 44 17 37 5
40 1 27 16 22
37 2 10 20 30
17 31 24 41 9
40 4 43 4 36
6 36 7 49 8
6 19 47 17 9
18 18 24 46 14
11 33 12 9 22
44 13 34 49 33
11 16 31 48 3
3 2 1 4 34
32 25 5 8 38
1 49 13 22 26
27 38 26 17 31
7 17 31 29 2
12 28 21 46 5
10 43 42 8 23
17 2 41 27 27
13 43 44 47 14
30 38 13 38 36
13 47 38 7 11
23 30 14 42 9
25 31 35 23 21
12 9 29 21 37
30 3 18 2 4
13 35 41 45 46
25 5 47 5 50
1 8 41 50 15
17 9 31 42 34
4 48 36 18 20
38 35 37 25 31
42 47 25 38 40
33 34 31 18 2
15 15 14 48 38
12 47 5 29 46
48 31 21 29 7
20 2 3 49 19
42 44 9 35 8
24 39 7 12 20
28 16 8 43 7
25 42 28 26 11
27 41 1 23 38
45 24 38 3 28
34 45 15 45 21
22 3 35 26 4
25 50 1 4 11
1 18 24 25 11
34 23 32 42 39
2 22 12 34 21
35 9 50 17 46
23 4 7 43 1
34 1 34 47 41
8 25 10 12 7
1 46 4 34 36
41 18 22 39 24
41 17 32 35 17
30 48 6 34 40
25 16 18 4 48
40 1 50 9 4
43 21 38 41 49
24 3 25 42 40
46 39 50 24 49
34 21 30 13 33
18 2 7 19 28
18 30 16 44 35
1 44 7 9 16
27 7 14 46 36
48 4 12 18 46
31 26 16 29 12
3 13 35 34 36
43 14 23 37 50
26 39 40 27 36
30 27 38 40 3
48 42 1 25 16
9 30 45 47 13
2 9 49 10 44
22 14 14 48 2
28 13 36 14 12
26 3 24 20 11
44 33 38 44 19
31 47 25 40 8
10 4 9 43 30
13 26 48 46 41
44 15 32 29 44
13 44 35 22 50
37 37 27 14 12
13 10 48 37 30
35 37 37 14 41
20 28 25 32 47
43 27 41 23 25
2 48 11 27 30
47 18 49 14 46
16 21 32 9 48
41 44 22 12 48
39 28 39 48 26
38 33 32 50 40
46 10 3 46 10
34 12 27 25 46
25 5 37 21 10
35 15 34 22 23
36 42 26 7 21
47 43 38 18 35
25 43 45 17 46
49 46 5 50 46
18 34 41 4 41
7 48 43 13 27
47 13 18 2 46
43 42 36 45 12
44 39 46 15 27
4 4 9 14 6
34 16 32 7 37
49 37 34 31 40
22 25 35 31 25
2 11 42 1 39
45 9 5 38 16
28 4 21 29 25
39 36 33 44 25
30 36 31 18 8
7 17 48 37 8
4 35 40 16 4
24 40 50 34 8
41 50 31 13 43
41 34 12 40 5
38 7 21 49 34
14 40 48 27 40
30 32 27 28 40
43 14 21 43 43
48 34 31 21 26
50 49 17 3 20
11 6 23 35 26
16 17 7 1 6
1 13 23 42 14
23 36 14 37 5
21 41 25 12 45
15 37 1 40 35
14 10 2 3 4
37 16 21 26 23
25 29 44 16 3
50 48 22 22 31
19 13 34 21 4
17 27 47 9 19
49 29 15 38 27
31 15 22 39 35
12 19 5 18 4
30 1 46 16 27
11 48 12 13 9
42 48 10 42 25
18 45 3 9 5
31 6 38 36 33
35 45 27 43 50
18 30 1 1 17
46 26 14 34 14
50 30 29 36 28
5 2 36 18 1
18 36 11 1 18
13 40 33 35 46
29 23 32 45 46
33 35 38 26 20
5 24 39 22 20
14 33 12 9 24
7 35 36 10 43
8 28 18 36 41
26 46 49 37 30
43 49 36 38 11
20 37 32 42 27
45 45 2 13 42
40 13 45 39 2
49 5 9 3 33
25 21 47 37 20
3 21 46 26 21
4 31 45 6 21
15 6 3 37 38
3 17 17 34 22
1 31 1 37 16
45 46 14 29 20
15 10 28 44 5
30 32 49 38 49
14 47 37 25 28
9 17 27 49 4
11 38 18 14 9
1 6 29 8 41
26 23 22 17 27
50 10 49 32 36
15 38 21 34 4
30 42 29 36 22
7 41 10 25 50
14 30 32 6 17
45 21 45 26 34
42 35 15 40 9
47 39 23 27 43
5 36 3 49 17
12 28 34 10 14
21 24 22 42 45
14 16 14 24 24
20 18 40 46 24
43 16 7 46 2
49 48 38 20 12
11 10 36 24 28
31 47 35 4 4
27 14 18 22 29
17 21 14 37 35
1 33 21 39 45
2 10 50 36 9
14 36 23 17 35
17 6 44 8 10
48 21 23 13 29
24 47 3 47 26
40 20 2 50 23
18 3 44 42 33
13 25 17 21 37
9 31 28 18 42
15 15 4 5 38
42 31 10 16 13
50 18 39 5 12
12 44 35 34 42
2 5 25 47 26
47 3 35 16 21
40 14 45 40 38
10 19 46 2 43
6 7 32 34 28
27 39 29 30 46
2 12 41 21 12
45 21 16 5 16
21 9 17 14 3
3 24 29 19 30
7 10 26 36 15
29 25 42 6 40
45 49 7 8 28
42 35 42 17 48
30 31 21 37 9
6 49 15 49 27
47 38 17 36 48
13 41 39 37 7
16 33 34 41 8
43 39 43 6 15
29 12 40 40 28
24 17 49 47 29
2 21 2 21 50
47 41 24 16 22
26 37 36 30 46
43 1 38 20 13
38 40 41 35 34
16 32 22 50 17
7 2 2 50 30
49 13 22 35 13
37 45 27 28 47
6 43 12 10 46
7 18 23 41 47
13 21 1 16 17
10 38 36 50 22
44 11 8 42 46
25 3 47 43 7
15 20 10 21 7
3 10 2 46 21
15 45 43 47 26
8 15 10 32 19
48 18 20 44 34
11 8 21 50 28
9 34 46 44 37
27 38 25 27 25
38 12 12 20 34
1 6 8 20 13
38 21 46 43 36
10 17 18 12 22
13 39 45 29 35
36 26 20 34 13
48 47 40 36 33
13 7 6 35 33
48 32 44 26 22
44 39 44 45 3
3 23 2 41 14
47 15 43 38 19
34 4 50 37 3
6 14 15 18 47
20 22 12 6 10
44 28 45 6 29
23 5 4 24 38
22 12 16 6 35
4 19 7 4 41
6 32 16 45 10
2 3 6 10 26
32 23 47 42 26
44 28 49 8 33
6 21 24 19 14
25 49 41 35 50
4 15 4 1 35
48 39 35 32 27
5 30 11 18 38
47 18 14 8 24
4 14 12 3 36
43 9 3 28 2
48 19 39 13 36
43 1 31 29 36
23 4 36 27 32
26 12 11 49 45
28 31 13 27 9
36 7 21 40 29
45 41 19 50 43
1 50 45 25 1
47 15 22 12 24
11 31 2 38 42
18 39 32 35 17
48 9 25 31 28
24 45 23 8 39
14 46 41 39 10
25 22 38 12 5
18 22 36 34 24
33 37 46 35 34
16 25 13 36 8
45 24 10 30 21
39 46 50 39 35
14 20 30 16 47
11 29 28 25 12
37 49 23 43 11
19 15 32 13 45
5 16 3 21 35
41 40 40 14 45
6 38 28 10 36
11 4 26 18 19
21 29 36 27 1
48 44 3 29 7
20 19 9 40 12
19 37 3 50 5
34 17 21 7 25
42 46 3 3 27
1 44 50 37 16
6 33 5 35 36
31 13 37 29 17
32 29 29 17 37
1 49 21 38 31
17 25 38 27 31
20 44 38 17 13
42 27 36 13 4
15 12 47 41 10
37 26 30 38 16
20 34 39 36 22
23 48 42 9 42
11 22 9 5 43
5 45 6 15 3
15 3 7 47 18
36 19 35 37 9
43 35 9 33 49
49 48 34 35 7
27 39 49 2 8
5 8 42 8 48
25 44 26 25 19
30 11 16 18 3
11 49 1 43 32
31 5 33 36 44
39 39 34 27 48
11 32 28 49 45
20 42 3 12 19
5 31 15 5 44
12 21 18 22 31
26 22 2 22 10
41 43 32 26 50
12 33 46 15 32
30 4 29 28 2
50 24 3 36 50
40 41 42 35 46
25 23 35 38 40
26 23 44 9 35
44 2 23 28 38
1 14 17 10 44
29 41 48 16 39
42 10 16 47 39
22 23 25 29 1
36 11 27 49 37
38 40 31 9 31
31 40 14 47 19
6 2 47 11 8
25 49 46 20 45
50 31 38 36 34
43 46 19 3 42
14 38 45 45 16
4 9 31 48 42
3 36 34 18 32
12 30 28 27 13
18 17 28 40 20
21 8 6 19 17
49 42 38 30 37
21 30 33 50 50
48 43 7 18 11
38 28 13 5 8
18 42 31 32 19
8 11 14 29 44
7 6 50 34 34
18 19 46 15 8
3 43 33 49 9
20 6 8 41 45
11 48 41 3 41
45 23 34 4 23
16 25 21 13 26
10 41 44 27 10
30 19 14 17 50
7 7 23 43 32
43 45 34 22 38
43 10 23 42 34
19 43 45 21 16
46 40 45 24 17
48 12 43 47 44
34 7 8 3 37
50 1 47 24 46
11 48 19 25 20
12 22 5 24 13
9 9 30 34 34
10 34 17 12 27
29 15 8 16 13
