30 15 5
1544 949 521 1968 1232 807 1671 1865 1334 1097 1865 982 1574 1362 1735 1933 1997 1117 628 564 621 786 1462 756 1868 532 1349 569 813 1277
1846 647 1337 1719 706 1708 775 523 1202 507 509 804 1092 549 1774 1771 1401 1482 1891 1664 1926 1293 1115 1199 988 1226 1342 1795 899 1216
16 23 21 8 12
24 16 12 7 13
6 19 29 6 16
29 11 23 7 6
10 30 6 30 16
7 25 6 27 8
18 12 12 7 26
24 27 30 29 25
16 23 10 18 17
24 29 18 18 30
26 19 23 22 8
19 19 5 13 14
14 17 8 20 26
14 25 11 30 29
10 23 20 29 30
10 14 26 19 12
26 24 29 28 29
20 10 27 25 26
26 25 21 18 19
16 25 29 12 9
29 10 5 22 24
26 11 16 15 28
17 18 26 25 18
17 23 19 25 6
26 26 8 7 13
6 14 10 6 15
27 16 23 23 7
23 26 12 24 27
23 20 29 20 20
7 27 13 10 18
173 174 178 92 195
146 110 52 56 64
54 89 96 37 22
95 184 179 150 63
151 60 123 198 101
159 57 165 156 42
102 75 157 140 139
88 42 103 187 83
125 75 103 77 94
99 113 170 200 94
43 161 193 197 79
35 156 70 23 113
92 140 184 131 185
89 73 142 139 110
96 151 36 128 28
80 38 73 31 76
86 43 18 24 34
25 31 20 15 8
39 66 104 86 31
86 27 42 80 56
70 27 63 91 17
41 37 58 63 57
39 13 51 59 43
68 29 42 19 33
45 45 102 73 20
24 44 114 90 31
15 38 41 9 64
19 81 62 40 78
28 15 31 39 45
48 42 20 36 8
35 24 20 3 28
6 25 48 14 4
17 25 9 31 36
12 3 27 38 12
9 25 2 17 9
43 45 12 39 17
28 32 1 43 39
4 42 30 16 20
22 49 45 33 50
33 28 19 6 50
5 27 48 2 37
46 10 45 15 36
34 27 5 14 44
40 5 48 30 31
22 45 35 32 40
7 37 16 17 33
15 47 21 7 13
50 23 11 17 11
31 18 18 25 20
32 43 47 22 4
30 25 37 43 21
11 9 7 19 38
39 23 21 37 5
37 29 2 47 43
15 21 23 14 12
17 11 46 30 36
2 46 13 40 10
43 34 42 20 39
37 17 10 29 30
24 8 1 48 38
24 28 45 13 49
43 24 14 42 17
47 27 16 40 5
10 46 29 4 40
49 38 23 6 6
16 11 10 14 44
38 15 27 20 28
1 4 50 9 30
2 46 18 49 2
47 13 46 5 36
36 42 3 22 15
15 18 31 24 37
47 5 43 29 12
26 19 29 11 50
20 14 36 11 40
28 29 4 32 4
26 33 9 48 3
3 47 6 5 38
21 31 36 27 9
4 17 18 31 47
50 29 28 49 9
34 6 5 40 35
45 49 47 43 20
27 4 12 22 20
47 10 39 14 28
35 13 43 49 45
36 8 9 39 29
20 11 47 23 34
4 33 1 13 30
47 2 22 32 24
19 31 20 7 19
17 9 27 39 15
29 13 10 28 31
46 25 5 45 48
49 30 30 6 40
6 25 15 50 50
34 32 48 16 32
21 6 23 43 14
12 28 48 43 17
11 27 24 2 28
28 9 22 15 36
3 45 45 44 16
40 47 39 19 23
22 22 3 25 9
21 25 38 29 8
14 31 32 32 2
38 33 29 20 7
34 31 1 50 10
3 27 8 11 18
34 4 40 16 38
50 15 24 30 44
32 35 24 15 39
44 35 35 47 36
36 31 35 18 45
14 37 11 42 33
37 26 17 16 2
13 29 14 33 18
36 9 48 7 34
35 50 45 18 41
27 39 8 41 28
35 3 34 31 16
10 29 41 17 27
27 16 49 32 46
5 33 12 44 19
22 18 23 11 13
44 30 33 47 11
30 34 50 49 29
30 36 38 45 4
34 7 1 29 46
33 45 10 11 32
23 19 8 21 33
44 1 25 29 32
2 19 4 18 12
21 7 42 5 44
15 4 21 28 23
23 37 32 35 32
36 31 12 31 7
38 2 32 30 25
2 3 49 41 47
1 44 34 26 50
29 8 45 17 39
10 34 45 42 8
3 29 12 40 48
14 32 22 41 48
9 43 27 24 42
46 1 17 33 48
12 29 23 42 11
12 22 19 48 31
49 7 32 47 22
34 9 50 41 31
37 17 30 14 10
17 40 5 45 37
47 4 13 25 25
36 33 21 28 40
46 18 40 17 45
42 31 28 2 25
4 9 23 45 38
26 19 32 39 20
26 10 22 24 40
23 39 18 32 14
43 45 8 17 7
44 25 24 24 41
30 45 27 13 9
23 27 1 17 37
7 44 42 15 20
36 21 10 48 22
25 48 15 15 12
37 9 35 3 32
24 41 28 27 41
31 19 8 36 26
19 46 1 6 39
33 25 20 12 26
8 11 6 17 15
15 27 43 29 38
6 14 36 20 37
43 49 49 24 24
23 4 20 16 5
4 7 19 41 31
16 21 27 34 45
44 10 37 5 16
14 44 16 27 20
37 29 19 16 25
13 46 22 26 15
45 30 38 49 39
34 13 12 33 36
29 18 31 28 2
11 42 39 7 22
38 27 37 8 23
9 4 17 35 28
31 12 25 6 4
25 48 45 38 11
13 35 24 13 24
25 34 27 5 33
44 19 36 46 12
19 44 22 3 39
22 34 1 32 1
1 49 32 20 48
1 11 33 23 45
31 43 9 37 17
30 35 11 1 14
4 12 48 14 31
14 10 10 2 24
36 21 6 33 2
43 6 18 11 2
31 5 12 34 31
49 17 47 2 31
43 40 9 34 36
25 35 10 22 23
17 25 33 43 35
29 30 49 38 39
33 42 49 2 10
31 42 23 17 5
34 38 1 10 24
5 41 13 35 22
44 34 28 27 27
27 44 16 39 17
28 16 31 32 42
36 32 49 30 45
30 9 19 19 33
9 24 17 7 32
37 11 32 25 3
24 27 16 11 10
43 9 30 31 35
34 25 44 12 17
48 15 37 33 19
18 6 42 21 9
1 11 6 1 40
49 45 31 11 46
50 43 11 50 12
41 12 43 50 47
14 50 9 9 27
1 34 13 18 36
19 50 42 13 30
47 27 7 38 28
20 9 6 44 14
23 37 32 50 14
22 12 10 46 33
30 33 45 24 26
38 23 16 4 8
44 9 30 36 9
22 37 8 30 46
37 47 35 11 42
22 44 42 49 49
30 8 12 36 36
43 10 18 2 24
16 15 4 33 17
46 10 10 13 46
6 5 38 13 1
31 31 13 9 43
15 32 36 47 27
29 2 30 37 37
20 33 37 42 36
48 1 44 50 5
40 47 7 35 16
36 12 28 35 19
7 44 37 22 1
44 3 31 41 21
33 23 42 9 19
6 3 6 43 13
33 8 44 40 7
4 21 20 29 32
22 34 14 18 45
24 18 33 6 45
3 30 43 40 15
48 18 45 22 15
39 23 22 22 37
36 7 10 47 10
8 24 9 41 1
50 6 46 38 13
2 7 43 37 9
16 19 22 43 9
27 23 26 32 5
50 34 13 28 22
1 15 40 14 20
38 16 38 41 1
42 1 17 43 27
21 34 1 14 47
9 36 14 22 50
6 41 28 4 34
25 36 27 47 20
4 11 47 38 42
1 19 3 25 50
1 15 26 37 16
2 20 10 27 29
38 19 31 30 42
20 16 21 36 18
3 38 15 28 30
23 15 38 27 17
1 20 25 45 16
7 26 37 42 31
33 42 14 8 38
10 39 1 17 13
40 28 46 2 18
11 11 46 40 35
31 49 9 41 1
11 11 38 10 31
43 9 11 42 32
35 3 45 44 15
18 17 30 48 5
15 17 47 50 28
24 34 38 35 11
24 34 50 23 46
2 14 3 30 5
7 4 1 44 26
45 25 41 45 7
13 26 38 30 1
45 21 32 14 26
33 39 25 5 38
43 19 1 8 12
22 11 35 6 27
47 46 26 8 23
21 4 46 4 10
32 32 1 4 49
2 28 14 14 34
39 45 43 4 13
31 38 20 35 48
23 37 21 36 42
18 29 5 46 24
14 17 37 23 33
28 50 20 27 9
8 25 34 41 39
6 48 41 20 34
46 39 9 22 12
5 45 13 16 13
27 31 2 10 34
3 48 29 26 1
44 48 14 1 48
21 30 24 25 34
47 38 38 16 23
14 4 29 3 24
48 22 46 47 38
17 33 27 46 34
1 7 48 33 26
21 22 46 35 9
20 41 7 12 29
45 32 36 17 19
46 8 42 2 2
10 35 40 43 50
10 30 23 28 11
36 16 23 49 49
1 44 19 43 15
23 37 17 8 1
43 48 21 30 10
5 31 27 32 30
33 46 16 36 25
13 32 18 47 40
23 3 5 12 49
12 33 42 18 26
46 9 6 33 33
44 6 37 39 10
33 37 32 30 45
18 17 14 10 2
15 46 20 36 35
8 27 7 31 39
17 12 17 35 41
36 28 7 27 14
10 29 22 21 4
3 2 49 22 40
47 38 9 12 44
45 40 49 49 13
47 8 40 45 32
29 5 36 31 6
10 11 36 18 50
38 9 34 48 33
1 10 3 28 44
1 25 5 16 31
4 22 46 46 24
32 38 23 6 36
31 45 29 44 24
44 22 42 41 21
11 45 49 10 7
26 42 34 30 6
36 44 20 14 8
9 37 41 8 50
12 42 29 29 28
7 1 14 10 39
45 1 25 19 7
1 3 2 44 16
15 25 25 10 47
18 44 22 42 37
39 19 44 33 7
7 2 34 23 32
39 47 31 33 49
9 2 26 6 28
39 17 35 40 25
18 10 29 31 25
32 43 41 29 35
8 18 6 35 22
36 36 14 9 35
12 39 2 43 15
29 45 6 31 6
37 6 45 44 28
13 3 40 24 49
38 11 17 21 32
37 38 46 49 17
24 19 21 26 3
13 24 38 1 7
45 12 29 19 30
1 32 21 32 1
40 1 12 1 17
13 39 41 19 9
4 21 5 28 26
25 27 48 43 12
35 2 7 4 33
39 20 38 38 2
10 29 23 19 45
37 49 37 12 33
21 17 40 2 48
22 2 37 6 2
43 2 48 27 48
22 8 46 36 45
14 36 44 18 9
15 15 17 3 49
3 13 30 20 6
8 43 43 7 26
15 19 37 11 43
21 45 29 10 22
16 6 16 42 8
11 43 22 50 4
13 1 6 1 24
33 46 49 12 10
44 27 7 8 30
45 32 23 10 27
5 13 30 43 23
38 28 36 8 29
37 25 39 24 33
22 48 23 30 49
5 47 7 24 1
48 39 50 22 13
33 1 22 39 33
23 3 37 33 24
39 19 46 3 28
38 34 13 32 32
9 36 15 21 3
36 13 23 20 41
32 2 27 45 25
32 4 14 18 8
28 12 41 14 22
13 3 10 9 40
30 3 7 2 35
28 9 31 48 24
12 23 32 48 8
41 10 34 47 14
36 1 23 11 23
36 37 8 1 27
21 31 7 22 28
30 9 18 50 31
7 8 32 42 40
38 12 46 32 17
50 43 39 18 30
25 18 45 2 18
37 16 35 35 15
14 1 50 13 36
31 18 44 8 13
23 27 16 49 48
47 16 49 45 19
9 40 5 4 33
22 49 25 14 36
6 36 5 13 21
23 44 49 11 27
45 9 7 36 24
19 17 31 5 24
21 4 26 40 21
8 41 2 9 2
49 46 36 38 34
39 42 45 49 44
31 39 38 4 1
31 24 40 50 45
45 13 22 26 31
11 12 20 25 30
10 21 4 38 12
40 40 4 6 17
23 44 25 34 40
3 35 36 35 5
5 21 38 38 4
14 50 25 24 50
30 12 29 43 29
11 34 38 14 10
50 5 41 36 10
44 7 6 47 47
