30 15 5
1540 945 1091 755 1885 673 1261 954 1776 1229 1020 819 1708 719 1402 1712 934 1451 1378 947 1927 581 1650 1491 1991 644 1551 1668 1219 1667
1095 620 783 1838 779 874 579 992 1390 1901 691 520 1916 916 1466 1139 1882 1338 999 1440 1845 923 1669 897 500 656 797 1890 1684 1720
29 9 17 27 10
12 22 10 7 19
10 8 27 29 23
11 9 14 17 15
27 27 29 17 17
28 24 24 7 17
21 15 5 30 30
18 23 6 8 23
11 23 11 27 14
7 24 24 25 29
9 10 7 11 22
15 28 9 12 28
10 27 11 11 18
9 29 18 14 15
7 17 20 29 29
5 12 13 15 21
29 20 25 19 23
12 28 25 22 25
18 14 6 21 7
30 8 6 12 24
7 12 9 22 6
17 26 13 14 15
16 18 27 10 11
12 20 12 25 29
18 25 12 19 27
26 12 18 20 24
14 5 15 29 29
6 23 9 24 14
14 17 16 19 19
25 27 18 30 9
185 143 147 100 75
121 191 199 147 115
186 98 78 67 71
103 92 97 67 139
120 66 85 37 44
179 148 66 78 43
146 61 97 82 185
91 51 126 187 77
64 85 94 28 147
198 46 56 47 140
101 118 68 158 124
42 23 86 68 146
169 37 89 41 70
65 75 37 34 183
31 100 128 62 169
81 73 72 28 26
42 45 53 56 61
102 45 19 26 18
48 46 21 23 51
53 13 36 15 9
103 58 37 26 25
65 15 29 35 92
38 30 33 110 18
19 41 45 7 84
67 10 18 14 56
58 71 18 32 37
11 7 48 35 73
67 8 53 18 40
35 33 17 11 84
13 22 35 28 62
41 33 43 24 4
35 32 41 17 43
28 31 26 15 17
9 33 17 15 14
50 43 13 44 6
48 2 31 9 11
4 1 18 1 7
45 40 29 39 2
4 25 6 13 36
44 40 42 4 32
38 1 5 2 35
17 47 45 50 38
34 9 33 35 32
9 13 31 30 4
14 12 11 37 15
30 2 49 48 32
47 27 29 32 23
25 27 6 5 31
34 18 50 34 34
40 6 46 41 39
39 26 21 26 1
40 29 45 19 32
45 24 43 19 26
15 45 38 37 23
1 32 34 27 47
31 29 24 21 28
42 21 2 3 49
16 19 50 24 15
43 7 40 2 27
45 46 45 32 1
21 21 44 46 9
2 14 20 10 5
35 50 22 22 18
25 24 43 46 50
15 48 43 23 31
15 34 37 2 12
1 22 7 47 46
25 45 23 14 12
34 29 42 26 38
13 21 12 1 30
27 16 26 14 50
5 32 41 44 4
9 6 48 35 19
32 20 32 18 44
40 26 42 49 22
10 42 4 12 23
38 7 33 31 18
33 43 18 16 8
18 37 32 12 25
25 11 2 45 48
15 43 50 36 39
6 6 31 27 16
41 49 19 16 5
8 6 36 40 40
15 6 25 10 13
45 7 27 5 3
50 22 8 24 21
49 18 22 9 42
8 7 43 23 2
9 17 18 29 32
31 1 16 21 42
4 30 44 50 49
19 12 10 14 22
3 17 1 13 32
6 33 11 7 30
4 1 40 47 45
43 19 21 36 22
47 3 32 10 19
4 30 43 35 24
28 35 38 50 25
21 31 20 49 26
40 46 50 27 13
18 15 32 22 26
6 12 30 30 35
8 32 36 41 29
43 43 5 39 17
24 30 27 21 9
49 27 35 41 31
29 1 50 40 14
31 25 4 44 14
5 50 19 8 40
31 28 36 13 7
30 32 50 36 20
39 35 13 15 46
3 41 49 25 29
44 8 32 13 24
22 8 23 8 13
20 18 26 4 20
15 1 33 29 49
43 20 32 6 32
44 43 43 37 20
31 5 17 13 27
32 32 15 13 45
13 34 33 27 44
33 45 40 9 18
13 50 16 8 39
2 46 39 11 33
34 7 36 23 19
8 22 29 27 10
45 26 33 32 20
40 33 44 33 39
12 35 31 7 41
17 25 13 33 40
13 13 30 9 2
13 28 8 20 37
44 46 39 46 16
40 28 41 27 19
50 9 18 26 15
10 16 36 47 4
48 19 38 17 22
14 37 5 4 4
9 50 41 23 41
14 19 45 37 20
28 14 27 23 21
14 21 41 29 40
30 3 4 30 48
37 19 2 4 3
9 19 29 25 35
19 4 9 22 39
14 32 20 4 2
1 14 48 39 6
49 17 34 7 14
5 33 35 44 24
38 25 26 31 19
36 22 49 49 43
41 50 41 15 31
10 11 43 13 6
10 3 44 48 30
38 36 47 30 33
40 33 5 9 20
45 6 31 9 21
31 14 22 6 3
20 5 45 32 36
15 7 30 15 20
50 39 34 33 4
16 26 46 29 23
33 41 31 33 23
22 3 15 1 23
46 3 44 26 24
22 3 1 5 27
5 29 50 29 19
13 31 36 11 26
11 13 34 15 16
8 13 48 10 34
31 28 23 16 9
7 4 6 8 48
30 36 16 26 19
23 27 25 43 25
13 15 2 19 5
2 40 40 41 4
8 39 25 36 24
18 28 6 15 43
37 49 41 48 25
4 3 48 1 13
12 26 12 7 15
9 14 47 27 15
43 5 50 23 31
8 3 36 27 11
40 31 35 20 16
48 13 5 27 1
3 41 44 26 31
16 3 32 38 8
35 28 24 9 50
47 13 37 17 41
9 37 23 11 18
28 4 30 14 19
7 22 38 12 30
40 40 41 36 38
44 39 32 37 22
7 29 23 42 37
4 33 25 4 37
37 37 16 37 10
15 32 3 40 37
6 34 24 41 3
29 13 8 33 30
19 45 25 29 2
27 20 28 49 41
11 8 48 13 10
13 3 24 3 38
37 1 13 36 25
8 24 7 8 11
37 19 24 25 25
16 10 16 24 28
11 26 35 40 7
38 18 44 5 43
7 50 12 17 12
21 18 38 31 28
33 27 11 32 21
15 47 37 9 47
45 44 1 11 42
48 43 9 30 41
1 44 40 15 38
4 36 50 17 48
31 35 11 17 13
35 45 14 4 1
42 16 3 16 6
19 39 18 21 40
26 44 21 41 50
10 34 30 12 48
38 43 40 8 3
18 19 14 49 26
33 7 25 36 5
34 18 5 3 29
45 1 20 29 33
38 41 38 36 45
18 48 42 35 19
32 37 4 12 25
32 14 1 18 20
2 40 20 7 30
48 38 36 28 29
32 36 37 49 21
22 21 9 12 48
6 36 16 30 1
22 11 42 4 50
44 27 26 14 40
9 44 8 49 6
36 12 34 30 17
14 50 19 16 31
22 37 22 12 37
37 41 41 37 8
5 19 17 50 6
29 49 7 45 24
13 43 45 16 32
25 44 25 10 9
1 23 6 15 13
3 37 29 49 12
31 18 21 8 27
13 4 4 1 15
25 18 47 2 29
30 26 11 50 15
32 39 29 7 45
37 24 39 46 14
12 49 23 31 46
13 24 39 39 43
15 21 30 12 44
2 19 48 12 4
17 5 18 32 10
12 38 6 15 41
29 40 15 17 10
38 8 7 31 47
50 12 35 36 33
42 8 7 27 2
40 15 46 38 32
19 50 5 38 7
43 43 4 6 5
21 46 49 24 49
50 17 25 23 17
42 10 14 44 49
50 37 9 32 4
49 28 3 35 24
15 37 16 37 8
4 40 30 38 44
38 14 27 44 48
14 44 8 12 17
1 19 31 24 41
1 14 11 48 20
36 10 21 36 9
45 34 27 18 1
2 44 45 50 50
1 34 44 41 25
19 8 4 17 28
17 21 42 32 18
30 24 10 45 46
3 28 26 26 31
19 28 17 4 35
49 1 46 49 8
31 1 48 1 11
7 4 33 50 49
36 39 17 42 38
12 44 9 20 39
7 4 30 39 5
22 34 37 43 27
6 32 40 43 24
38 14 40 49 10
6 26 1 48 14
40 41 13 20 33
32 34 39 12 42
50 10 16 37 49
10 14 6 42 21
46 44 13 35 24
40 26 33 50 38
37 39 9 5 41
1 28 46 4 35
46 36 18 41 50
12 2 21 6 6
3 46 40 3 32
38 24 1 27 40
16 38 15 48 26
15 32 18 20 42
38 2 12 9 28
22 31 50 10 10
30 18 3 1 32
7 42 25 3 8
42 46 22 50 23
25 35 20 30 14
8 50 45 38 29
50 2 32 10 4
18 38 14 24 30
6 24 35 3 31
40 42 1 17 27
42 50 47 48 46
19 6 13 35 33
18 26 12 27 30
36 40 41 48 2
46 13 11 26 29
46 21 39 36 47
33 4 30 34 36
10 8 3 17 47
37 1 3 36 1
46 16 48 46 41
18 29 45 18 6
17 19 7 15 1
31 19 8 29 15
23 18 2 46 13
35 41 42 3 42
48 44 29 31 16
42 11 47 43 42
21 3 9 48 15
13 8 31 19 27
43 45 6 20 21
35 34 42 33 37
47 12 14 17 13
22 19 18 31 4
14 18 33 48 45
22 27 2 27 5
11 26 2 48 17
22 38 3 19 20
12 48 48 41 16
27 33 21 4 26
3 41 49 19 49
6 31 40 44 29
17 33 10 10 44
5 37 48 43 30
24 35 8 1 25
18 19 25 10 30
28 6 9 35 50
45 46 34 39 8
48 41 42 7 44
46 24 9 42 18
18 31 29 49 26
38 16 8 25 6
36 38 10 32 47
19 23 3 20 17
20 38 25 42 17
7 32 23 7 36
43 36 19 4 31
26 39 37 13 48
33 8 23 2 42
5 29 41 11 14
26 31 1 11 18
49 3 27 19 20
7 33 48 16 23
38 7 29 24 27
17 5 38 15 1
27 4 24 30 30
47 39 6 17 8
49 45 40 32 35
46 35 1 1 21
43 23 33 28 13
9 18 12 23 35
26 41 40 36 45
21 25 26 18 6
30 50 41 29 33
19 13 50 39 5
33 16 32 38 26
20 35 22 42 33
7 45 39 50 31
6 34 42 20 6
6 23 27 5 47
4 41 18 46 37
22 39 2 42 25
15 33 8 19 37
39 15 25 30 10
37 6 48 16 43
20 23 38 6 15
37 40 31 36 13
1 7 48 27 20
33 31 23 17 6
42 26 2 6 15
21 31 20 35 26
16 4 28 41 16
40 21 36 3 10
16 18 9 22 44
10 31 12 42 13
22 23 44 45 20
38 42 24 5 23
45 28 36 29 17
29 7 47 38 37
33 11 31 50 16
2 38 8 8 6
49 23 23 37 15
26 37 48 42 13
9 16 47 40 9
3 12 1 50 4
45 3 1 42 16
13 43 1 12 16
32 33 33 18 32
25 5 29 8 43
32 38 30 28 8
38 20 23 23 38
26 48 46 37 50
50 40 22 13 7
16 13 43 36 24
29 29 1 8 34
43 7 11 18 23
16 38 45 41 46
12 36 26 41 37
14 5 32 35 12
4 11 44 48 21
13 45 42 21 34
22 27 41 17 5
3 37 43 26 26
12 35 24 5 38
20 22 20 20 37
21 14 35 49 2
42 17 33 32 32
28 20 27 6 13
26 36 13 38 14
11 26 4 5 35
29 13 37 2 22
50 16 6 9 42
39 15 6 16 16
40 25 46 8 38
36 14 20 28 45
46 48 38 4 10
2 45 1 42 49
1 13 27 33 38
42 18 27 44 5
9 34 24 36 39
33 36 28 43 29
10 14 32 40 9
38 32 23 15 9
23 27 42 10 12
15 21 35 25 41
45 36 11 37 50
21 14 6 17 16
13 19 36 33 38
22 47 37 22 16
23 32 25 32 14
3 10 29 18 33
35 17 5 13 35
41 39 7 5 4
20 34 2 25 37
22 14 20 46 48
30 39 44 34 49
43 16 45 49 33
36 6 49 39 2
8 13 38 1 50
34 36 19 16 5
34 9 41 8 36
