30 15 5
1526 1597 1736 1689 1450 1402 559 1113 709 1212 1716 1149 1179 1920 766 1831 1383 610 1535 1653 1253 1578 1905 1245 1156 865 975 1292 1738 1410
959 590 1758 820 1257 1743 1487 542 1867 1990 544 1578 1993 918 594 1132 2000 583 925 1109 573 1064 1405 1593 1979 1345 1167 1376 627 1318
23 21 6 24 17
12 21 22 24 15
27 13 9 26 11
25 13 17 5 23
7 11 23 7 8
6 21 21 30 22
20 25 19 17 23
19 30 18 11 22
5 20 6 15 11
24 9 5 30 14
27 14 24 18 8
23 14 17 22 18
16 23 7 23 15
24 5 27 7 24
22 22 18 14 26
26 22 29 24 12
9 8 22 11 11
8 12 7 12 20
10 11 20 15 28
23 27 6 8 27
28 11 19 27 10
14 28 18 12 9
22 26 11 18 10
12 19 14 26 5
16 26 6 8 28
29 14 26 25 17
30 25 13 12 28
26 15 30 22 13
16 10 27 5 15
15 21 27 15 19
79 186 188 55 26
89 113 137 39 92
173 64 190 44 118
192 151 36 58 50
175 83 105 150 173
40 38 80 173 67
121 164 82 86 188
85 35 181 149 40
126 81 100 105 176
51 65 91 45 88
168 114 157 142 32
140 115 61 52 198
176 32 38 51 163
198 72 108 174 71
66 75 46 81 39
43 63 76 21 7
41 29 71 13 29
38 29 105 13 34
50 58 9 25 11
74 31 26 40 93
16 10 26 57 22
66 55 31 34 55
36 12 57 42 15
73 28 53 41 69
18 20 31 13 20
101 43 80 82 19
84 42 33 31 44
95 15 20 17 45
46 38 31 37 29
18 28 22 24 20
12 31 6 28 39
1 13 24 26 9
8 39 2 12 47
14 35 24 34 5
17 41 30 17 43
21 23 21 28 32
47 48 41 10 12
1 35 29 16 15
26 24 5 7 23
28 46 24 6 15
44 30 38 15 46
33 40 27 47 21
12 8 34 45 37
40 19 20 28 29
33 48 21 30 22
10 46 33 37 46
17 27 48 17 48
5 12 22 36 23
24 30 15 19 1
17 2 50 48 9
25 22 1 20 31
12 25 22 50 15
30 27 14 36 17
15 48 39 26 9
20 4 9 9 28
16 6 18 1 44
31 2 28 5 8
42 2 1 30 9
38 12 25 25 24
13 19 28 6 28
9 14 33 13 40
34 18 9 46 43
13 33 18 14 43
11 5 45 27 10
39 41 5 22 4
7 24 42 24 3
12 33 50 44 27
41 20 26 16 16
49 33 7 24 6
22 42 44 32 19
9 35 42 33 9
34 12 24 25 4
41 16 49 42 8
45 19 34 18 22
4 22 21 50 50
4 48 20 47 6
4 30 20 16 10
27 26 30 23 15
30 13 24 39 11
48 13 13 22 3
6 38 14 42 28
20 34 43 22 21
11 16 7 6 41
50 39 9 39 39
24 46 27 9 42
24 42 6 1 24
4 30 10 6 34
14 40 7 17 1
39 41 24 28 28
23 22 18 41 15
12 49 40 31 34
16 49 38 19 28
11 15 28 4 36
1 18 9 21 6
20 33 24 14 26
40 12 38 40 29
22 2 6 20 31
16 36 5 41 18
34 30 20 6 18
31 15 15 15 34
42 40 4 21 38
10 3 25 33 1
26 28 2 8 34
37 32 9 36 50
23 29 27 10 26
26 20 18 48 1
40 3 50 46 32
43 9 23 50 8
9 17 13 38 3
33 9 48 7 47
3 31 37 31 30
26 7 42 31 1
27 17 6 3 8
30 12 4 20 39
15 22 41 45 40
26 12 45 45 34
28 17 13 5 50
6 38 17 43 41
42 6 37 19 9
19 49 10 29 38
26 24 44 21 29
21 20 13 16 9
6 5 43 1 29
34 18 24 43 7
13 38 19 2 50
38 10 49 10 6
35 48 30 18 47
44 9 20 16 47
12 4 33 47 48
6 30 42 22 12
46 1 23 24 4
50 38 3 7 5
11 16 28 39 39
18 19 26 42 16
33 42 22 14 21
14 26 39 36 19
33 19 50 1 36
20 32 27 43 23
45 46 20 23 4
23 36 31 15 26
34 21 35 7 21
29 24 43 33 4
35 17 9 28 10
35 7 24 9 27
44 33 2 11 33
46 12 21 49 13
42 6 50 43 34
6 21 32 32 23
46 12 36 23 41
36 12 45 18 41
32 27 46 34 47
21 15 50 50 22
47 2 11 5 44
26 19 26 32 24
38 18 3 2 6
44 41 17 6 9
26 33 43 38 22
44 25 24 43 31
7 41 43 43 19
11 26 28 5 3
1 39 32 50 32
47 13 33 17 43
11 27 35 44 23
44 45 49 48 13
12 46 26 34 6
10 29 42 39 50
44 6 44 45 6
12 29 7 27 11
37 15 29 35 26
48 4 21 8 47
39 46 33 10 24
29 3 21 9 2
18 31 37 9 14
26 5 24 35 7
5 19 16 29 43
36 34 18 16 36
2 9 11 5 23
37 4 49 22 33
43 40 12 44 25
16 46 11 39 31
21 26 12 41 3
40 11 31 25 8
1 39 38 1 16
43 35 7 16 38
5 7 47 11 34
36 24 34 20 7
8 2 19 25 8
10 11 19 42 45
22 6 40 49 9
44 17 29 46 32
48 6 26 31 23
15 23 25 22 13
32 14 44 38 39
17 14 18 27 16
7 46 40 32 37
17 6 16 28 3
8 10 11 17 26
9 14 43 29 5
28 19 26 42 9
40 41 15 11 8
33 34 22 46 38
10 28 29 7 16
8 47 32 31 40
49 7 44 14 19
47 6 24 24 49
19 19 13 45 32
8 3 16 50 5
42 44 9 31 48
9 28 25 36 10
25 5 27 6 31
16 27 13 27 45
48 41 40 2 49
3 26 35 42 24
4 1 31 47 4
23 22 38 39 44
1 3 36 6 4
33 25 25 2 25
17 44 3 39 8
10 47 10 20 41
35 29 3 1 37
6 11 26 2 13
33 25 16 33 11
29 10 45 28 50
49 49 29 4 45
15 48 22 1 11
12 24 30 37 13
3 20 5 5 8
1 3 42 7 12
25 32 12 2 11
11 45 16 36 12
9 13 17 6 38
12 19 36 46 3
9 2 5 11 37
26 16 44 36 2
19 37 37 30 35
11 46 34 32 7
13 45 44 18 39
14 24 21 9 22
18 16 8 1 16
11 24 50 3 29
36 34 38 50 3
18 16 41 16 4
3 17 7 30 42
15 44 27 50 40
36 50 16 6 42
46 12 38 4 8
39 5 42 26 32
28 30 11 9 32
34 49 41 39 15
18 29 27 38 39
27 32 48 6 9
19 43 22 33 40
17 34 44 24 17
17 16 31 20 28
28 23 13 31 47
5 46 1 17 44
32 16 14 35 32
43 39 1 14 27
44 13 12 12 23
8 16 23 37 35
50 28 32 16 30
4 17 9 12 26
15 8 15 2 19
1 24 1 39 31
39 10 9 9 30
29 8 49 40 44
15 22 7 38 39
49 49 6 19 28
20 47 2 32 3
38 8 20 42 22
46 18 36 44 5
31 32 10 7 35
29 28 18 26 37
8 26 3 6 24
48 2 25 1 28
38 19 41 19 41
32 43 17 30 49
43 42 25 26 13
50 33 31 12 34
12 19 17 45 26
4 23 45 10 44
14 27 29 6 21
12 7 23 8 34
34 45 2 11 45
16 7 29 33 10
30 12 20 7 46
7 36 5 47 42
26 47 1 38 46
23 11 10 48 9
16 16 30 39 14
18 47 50 44 7
4 24 48 17 22
19 42 38 42 26
24 23 46 7 45
28 18 40 17 45
31 9 48 18 19
50 16 9 21 25
4 14 38 15 35
45 39 32 23 31
23 21 13 47 3
8 3 28 27 43
40 3 25 48 18
27 10 20 42 2
1 30 44 23 10
22 49 37 29 48
42 13 25 15 20
21 27 16 39 48
37 1 38 27 3
47 10 24 2 22
34 31 32 22 23
4 42 20 45 37
31 41 35 17 11
41 32 13 2 8
39 5 39 21 11
5 50 24 20 39
1 4 1 22 46
36 14 46 27 19
44 34 19 37 23
28 3 10 21 22
21 22 28 48 1
13 21 39 49 14
1 40 1 20 26
29 21 27 1 14
8 18 36 47 7
3 42 26 48 49
43 20 31 40 37
36 11 4 2 50
31 37 24 7 39
18 45 13 39 3
30 32 9 16 6
21 25 43 6 14
34 2 18 28 12
9 19 6 24 6
17 43 29 49 46
38 14 10 48 11
3 50 23 6 5
23 37 14 13 15
35 22 24 6 11
32 28 45 27 28
33 38 16 11 22
45 22 31 34 11
6 48 45 32 4
49 47 36 37 42
33 17 20 15 13
32 43 44 41 38
42 30 49 16 19
12 42 6 36 39
4 38 26 9 32
28 12 18 17 1
6 50 13 4 27
20 19 42 16 19
38 41 19 8 50
10 30 34 50 48
49 19 12 30 6
19 5 41 36 12
23 2 3 42 28
5 25 27 43 48
29 26 29 40 1
6 6 22 6 3
49 4 29 29 27
35 6 33 18 36
5 38 50 47 44
8 48 17 9 38
19 50 39 31 22
40 47 36 29 48
10 9 22 2 37
50 21 27 14 6
35 17 1 33 45
1 44 10 2 36
23 24 37 32 32
30 28 43 39 25
22 34 26 3 26
9 22 22 3 22
33 4 39 19 11
27 31 28 41 19
24 33 45 22 44
34 7 18 13 36
46 22 27 48 1
20 28 16 26 15
42 7 39 31 15
48 16 13 22 7
38 9 11 23 18
39 3 46 35 38
45 8 26 20 47
11 50 24 27 41
24 7 20 39 31
3 35 23 41 42
46 47 18 48 22
28 41 8 29 47
11 26 16 7 17
8 15 40 28 47
35 37 45 43 13
16 27 36 22 15
37 40 48 25 3
50 30 20 34 2
38 31 29 5 45
15 44 18 6 1
28 12 50 34 42
48 32 50 43 17
37 26 14 20 8
27 29 21 24 19
24 45 6 16 15
27 49 30 40 35
25 17 13 9 11
47 19 32 32 11
40 49 2 33 26
47 45 14 27 4
8 39 21 10 5
5 50 40 24 30
29 17 10 19 16
48 22 7 2 24
37 26 15 43 31
5 19 30 16 18
3 16 8 18 19
8 39 13 23 18
31 41 50 48 48
50 8 10 26 1
34 25 47 6 7
27 48 35 23 24
33 2 10 41 33
37 50 49 44 32
20 14 7 46 9
32 47 40 16 34
19 40 27 5 38
49 39 24 12 11
28 30 14 22 33
25 7 27 25 46
31 18 34 36 33
16 47 41 8 41
41 50 48 46 36
26 6 19 6 26
15 9 41 20 7
14 13 42 22 3
28 14 28 26 40
1 44 12 13 42
37 30 48 6 34
20 26 18 31 47
31 4 39 46 37
32 4 31 10 24
12 6 26 22 26
2 9 18 50 22
4 30 39 18 15
34 43 41 25 11
36 8 30 19 29
40 16 16 16 50
40 42 2 19 14
29 48 24 1 31
15 48 16 15 27
15 44 48 28 36
37 18 31 40 46
33 27 18 2 29
30 32 4 38 30
11 9 10 11 47
44 27 49 49 9
14 10 35 8 27
3 21 31 5 1
48 42 31 39 26
40 44 6 8 43
42 25 6 33 6
35 8 27 45 36
2 46 29 23 25
28 25 19 43 15
2 9 50 37 9
49 36 37 9 40
44 12 23 22 16
38 4 22 19 38
30 21 17 6 22
17 3 36 49 15
36 6 25 12 33
22 41 32 31 42
17 7 17 1 7
5 39 40 32 33
29 15 38 47 13
9 12 8 43 15
28 7 22 16 16
27 48 14 25 15
26 50 32 27 49
30 27 36 30 18
13 40 17 33 6
20 45 50 23 13
