30 15 5
1222 911 1536 1804 1242 1784 1314 1587 928 1937 647 1567 633 892 503 1306 1695 750 735 1619 718 887 844 1604 1682 1822 931 1929 1007 1321
932 965 1268 1114 1839 1701 1459 1555 845 1831 1721 1413 557 1757 1957 1600 1931 1280 692 961 1753 927 912 1624 838 764 1739 654 1409 1374
27 30 25 20 16
16 25 13 25 22
22 8 12 29 14
5 14 29 18 5
28 7 28 22 21
26 24 11 30 27
14 19 28 25 15
7 11 19 26 16
15 15 21 21 22
23 18 23 7 9
17 17 17 29 22
27 5 6 16 10
12 26 5 24 8
19 9 26 6 10
12 5 18 14 30
15 16 11 24 16
14 21 24 15 10
15 17 7 9 5
19 17 13 6 6
14 30 5 22 16
18 9 29 13 19
12 6 10 27 12
5 7 14 14 21
18 16 8 16 13
25 13 20 26 15
18 18 24 17 24
6 23 27 12 24
6 21 12 29 30
21 12 16 21 12
30 13 18 16 22
62 137 30 187 58
85 122 104 128 118
70 45 23 132 200
186 57 171 170 121
156 108 124 105 182
138 75 81 32 59
93 174 152 156 183
139 87 76 61 33
78 23 169 73 135
65 193 185 164 157
123 84 148 88 68
75 35 104 26 90
53 111 77 26 126
141 154 65 87 23
68 195 100 137 185
32 44 9 70 22
34 53 24 28 55
35 20 10 28 56
51 18 100 98 57
84 60 42 23 106
80 32 29 12 25
36 100 40 55 43
65 46 19 22 14
31 9 50 33 52
19 70 61 87 90
49 19 87 32 40
42 13 27 5 18
23 24 25 13 33
48 41 33 33 7
36 55 42 48 44
32 42 11 10 21
49 1 46 15 8
17 46 37 48 48
4 46 26 28 44
4 6 30 6 27
21 34 50 10 1
41 16 3 41 36
38 36 31 14 31
41 22 39 14 18
31 14 43 23 35
4 47 37 42 40
9 4 25 22 43
7 49 28 48 46
34 39 25 14 28
49 10 24 40 45
24 13 1 36 1
42 8 33 3 6
29 41 4 22 7
5 43 7 49 21
17 7 13 47 46
13 13 42 13 7
25 48 41 16 32
8 42 42 37 6
19 33 10 35 17
48 46 27 27 32
27 29 37 2 12
18 34 4 40 41
3 40 12 19 3
28 10 33 5 6
7 35 33 37 37
11 10 13 26 28
22 42 33 18 28
21 25 3 34 13
21 4 17 17 30
25 32 50 49 3
16 39 39 38 39
17 25 1 1 16
22 24 16 30 32
16 44 32 48 15
33 49 42 12 42
20 14 32 15 45
37 29 22 47 38
21 50 5 29 3
1 2 32 22 35
17 9 29 33 23
8 16 47 1 12
38 4 15 13 21
7 24 43 48 21
36 37 10 17 5
33 21 15 9 43
40 26 1 19 14
29 23 25 16 10
37 45 11 35 42
30 1 48 2 24
41 9 40 43 34
44 9 7 26 33
38 12 37 16 8
26 49 25 21 44
2 1 48 33 35
13 35 5 45 38
46 31 10 2 1
50 12 22 3 39
26 28 34 44 35
39 33 47 11 17
40 1 12 19 1
43 23 19 36 1
20 30 45 43 34
17 33 2 29 13
34 47 13 18 24
5 26 11 31 21
18 41 18 44 48
45 18 38 3 5
14 36 36 48 39
45 38 10 21 15
46 21 30 31 18
39 38 25 37 27
47 24 50 3 8
6 45 43 5 49
31 43 30 44 12
20 26 45 14 47
25 43 6 9 10
40 9 44 44 48
12 10 14 35 6
14 12 11 21 50
44 28 26 34 17
36 26 40 48 41
23 1 47 47 15
33 45 38 44 36
25 35 18 49 42
22 22 21 8 40
48 36 44 46 13
1 15 19 42 6
39 15 5 14 34
4 2 7 8 27
7 37 11 18 49
37 1 17 12 34
49 45 22 17 29
29 25 7 15 38
8 25 49 32 36
12 28 18 37 41
29 22 9 20 2
14 11 35 2 37
7 29 19 1 39
34 24 47 7 20
11 30 20 43 28
2 12 12 17 36
18 18 8 48 33
37 26 28 6 32
32 2 6 3 43
4 43 15 18 17
30 14 46 17 32
3 35 44 3 31
45 50 36 24 30
50 20 1 43 15
38 1 2 22 14
38 13 28 26 22
10 18 6 45 49
44 42 33 27 44
25 24 33 40 41
9 26 49 33 28
20 50 48 7 35
41 12 6 3 7
29 2 46 48 14
42 28 45 43 32
21 25 17 34 5
36 26 45 38 7
20 13 30 31 36
4 28 36 23 45
43 45 12 19 39
23 16 14 48 8
42 15 7 18 30
44 38 37 5 40
39 24 16 48 28
38 35 41 36 30
25 12 25 20 42
34 8 31 29 49
29 47 33 11 8
11 49 19 38 30
34 40 9 29 45
10 10 29 22 45
34 11 41 38 11
14 29 23 29 21
48 39 25 38 3
37 5 31 49 1
10 43 18 8 30
39 22 5 48 45
30 21 31 25 24
16 19 33 33 6
31 45 28 28 25
31 26 6 5 26
24 31 34 42 37
8 34 8 1 28
1 39 28 47 13
6 36 42 26 20
27 39 50 11 36
25 2 15 29 2
4 34 40 24 39
11 33 5 15 46
25 16 7 49 43
24 49 29 4 33
4 45 42 6 20
32 24 43 3 18
47 28 17 41 46
40 1 36 48 36
37 42 17 10 15
40 4 9 14 40
30 48 19 35 30
23 22 2 42 19
42 30 26 19 47
19 31 45 23 8
6 4 49 17 36
19 22 42 50 42
20 34 21 37 48
33 7 11 41 44
19 44 18 8 47
35 14 21 10 15
18 36 18 3 4
9 13 27 25 34
30 40 45 33 6
25 8 20 12 10
47 25 19 17 5
49 5 19 28 33
47 36 44 14 41
19 22 7 12 18
10 24 5 29 20
16 20 14 49 36
26 5 35 1 9
15 46 29 19 8
47 27 3 50 40
9 14 4 1 5
36 29 19 7 23
39 17 11 15 27
13 30 44 7 9
33 2 1 43 6
22 14 14 48 29
36 49 8 27 42
21 43 42 50 32
1 35 3 35 23
50 28 19 44 24
44 7 8 42 31
7 5 26 7 2
40 46 7 49 50
9 40 29 19 31
3 44 44 11 8
21 9 40 1 21
10 22 25 40 39
22 47 28 13 36
35 18 14 19 14
30 24 27 44 28
5 8 14 26 38
38 6 43 3 19
50 49 27 29 42
23 6 5 35 46
43 35 41 33 15
48 50 34 17 18
30 30 6 19 44
31 20 43 28 11
34 35 37 32 3
26 44 17 26 28
8 7 1 26 39
42 44 48 40 49
20 38 50 5 10
40 11 29 2 4
48 23 33 1 14
47 12 43 28 28
9 10 23 27 26
30 16 7 8 40
1 46 21 4 20
11 1 7 38 40
8 5 26 34 38
10 37 36 50 29
1 8 11 8 25
3 13 5 37 31
40 4 21 9 44
9 17 44 42 3
12 26 26 47 19
28 50 15 20 21
35 18 28 19 15
20 43 24 10 18
40 45 27 16 8
47 12 38 3 34
40 10 30 28 48
10 48 48 33 21
27 11 5 5 16
39 31 31 19 45
8 34 3 7 36
11 48 15 16 27
41 18 11 41 17
48 4 2 32 25
33 36 15 39 40
5 27 20 4 50
12 12 29 37 24
26 32 44 30 9
38 7 19 16 34
36 38 37 15 4
45 10 28 34 39
21 27 32 8 21
10 4 42 5 33
41 41 13 14 22
39 50 49 12 28
2 40 16 28 25
44 29 20 27 35
49 39 27 4 23
9 9 27 20 37
49 8 12 35 30
25 45 46 32 48
34 6 20 22 49
14 40 24 11 23
3 27 10 17 13
13 44 50 2 50
26 4 25 24 26
43 32 4 5 9
34 18 47 8 43
10 49 9 28 49
35 46 24 8 24
35 5 44 32 23
25 22 5 5 12
45 33 48 48 3
9 37 45 31 39
26 50 39 50 22
8 12 46 40 4
39 28 28 32 16
35 41 39 37 38
15 19 32 45 33
19 33 19 16 23
41 40 26 5 28
42 19 30 10 3
42 43 26 20 34
44 1 42 41 21
23 24 25 17 13
20 1 30 14 23
34 29 29 19 9
17 30 46 6 1
24 4 38 39 13
2 24 43 33 44
10 20 42 27 22
40 30 11 10 20
40 19 20 2 27
24 23 6 3 48
34 28 2 17 9
6 42 33 14 19
35 24 31 33 15
10 48 11 44 23
15 32 8 45 2
12 49 6 13 32
18 9 40 18 36
23 4 19 35 30
28 18 15 32 30
6 8 11 40 49
9 17 3 42 27
18 36 3 31 10
8 28 10 14 3
6 44 31 36 41
48 5 42 34 14
10 19 17 28 6
22 17 18 9 28
27 9 49 30 35
25 14 29 24 22
14 32 9 7 21
18 47 35 40 31
21 27 44 48 31
39 35 35 7 36
36 30 13 15 23
32 13 47 10 34
15 10 2 28 31
18 42 47 30 12
14 36 24 19 6
18 16 2 34 45
11 40 48 3 1
2 17 43 18 41
18 45 22 49 14
12 44 10 1 34
38 26 45 32 25
49 18 3 29 11
30 2 8 39 24
45 48 10 17 7
40 8 49 41 25
44 10 4 8 45
3 4 13 9 5
3 44 39 45 36
17 23 41 1 50
19 13 12 17 24
15 40 34 13 15
32 50 19 49 29
14 38 15 13 17
10 21 41 12 41
24 19 16 21 24
32 15 35 8 11
39 46 7 44 7
29 18 22 28 33
46 47 46 43 19
32 46 42 24 36
3 3 45 33 49
24 16 45 28 28
25 48 39 13 9
44 6 19 47 7
6 10 13 6 44
3 50 6 44 48
19 22 35 10 24
2 14 20 30 13
4 28 14 17 1
14 10 30 26 25
5 11 46 24 42
42 26 48 30 38
10 3 31 18 25
27 3 46 2 45
49 25 22 9 5
24 24 42 22 4
38 40 18 10 29
31 10 13 20 28
39 28 34 38 13
50 6 3 38 4
48 20 12 12 11
46 40 1 45 23
19 34 12 17 34
17 21 45 32 34
38 6 6 11 41
2 48 49 8 16
23 36 14 9 46
33 27 23 41 2
50 41 2 29 33
17 12 18 19 48
46 11 21 16 49
47 3 4 33 38
6 50 3 25 48
8 37 7 45 41
28 50 28 35 1
48 20 23 27 50
25 33 6 18 30
26 9 12 50 25
12 46 25 3 18
13 38 33 12 17
42 35 30 11 41
39 42 16 41 2
46 24 48 27 12
28 8 4 48 20
28 44 44 6 42
3 12 8 20 14
18 8 45 44 12
49 17 33 8 34
18 30 26 18 33
50 17 23 30 22
33 37 14 31 10
25 10 12 34 36
49 3 11 20 19
16 11 42 19 19
11 30 28 23 3
45 23 11 44 3
33 35 14 2 35
8 31 45 8 22
7 34 47 18 25
20 39 33 29 9
11 32 12 11 45
9 39 22 46 39
26 18 31 3 15
50 46 6 49 1
3 3 23 19 38
4 41 33 17 39
4 41 39 27 45
8 43 13 14 22
20 50 42 40 37
8 29 24 10 9
34 46 32 18 29
42 29 31 19 3
37 14 14 46 38
36 33 5 8 23
32 18 39 39 7
50 26 46 29 19
22 46 16 48 26
6 9 23 43 30
34 27 21 20 13
30 38 20 22 33
34 29 47 18 46
32 39 25 2 35
27 23 26 40 43
40 47 28 42 15
30 32 15 9 41
27 45 33 22 32
25 14 45 34 15
12 9 4 20 33
44 38 8 30 5
43 44 14 45 35
27 35 2 22 50
36 32 8 48 12
33 42 42 8 31
14 19 18 30 17
33 43 40 24 41
39 41 11 35 25
20 42 2 4 41
6 46 18 17 20
