30 15 5
1632 953 622 1747 1440 646 1765 1871 859 1433 1947 1667 1115 1808 1842 1859 541 610 900 1288 1656 1572 838 1954 805 1576 1684 1528 1412 1538
571 1112 1739 1460 1048 1025 1955 1645 651 1040 1367 1006 1030 1981 1556 778 993 605 789 1660 1546 1604 898 1776 1764 1407 1931 1917 553 1018
14 11 7 7 20
12 15 19 14 26
21 25 9 23 5
6 9 20 27 21
16 23 10 30 15
9 23 16 16 17
21 14 30 7 16
27 15 9 30 9
29 24 30 28 6
27 17 24 29 27
25 29 25 22 12
23 12 9 12 9
25 20 18 9 30
13 30 18 13 13
20 23 29 9 5
27 14 6 12 16
25 15 5 26 19
22 15 22 22 18
24 16 20 11 11
17 15 24 24 16
17 10 10 12 22
28 18 7 17 30
5 24 5 18 8
8 23 17 6 19
12 28 25 11 28
6 22 26 13 28
26 14 26 23 15
20 29 30 5 18
13 21 17 6 10
9 5 27 21 10
48 107 37 184 144
53 123 169 109 167
169 56 23 177 59
101 147 147 183 160
171 125 150 76 187
124 127 127 122 50
148 82 36 58 155
37 86 39 184 189
185 37 181 33 199
170 169 62 59 139
170 38 82 24 48
164 121 150 42 72
143 191 186 160 64
62 200 44 108 72
152 173 165 163 170
21 48 14 55 48
26 39 70 61 52
70 33 5 69 18
24 45 49 99 68
61 59 60 36 101
59 41 59 33 24
31 35 10 34 70
22 50 15 101 109
83 12 41 8 85
94 75 26 23 64
99 20 48 9 22
75 46 35 10 41
67 48 79 61 19
16 115 18 22 20
42 76 87 34 59
27 20 14 15 46
31 14 42 10 7
46 20 49 12 6
19 12 10 26 16
33 4 38 8 36
12 12 24 30 7
39 33 12 2 23
49 10 14 16 28
13 15 35 47 33
4 34 42 19 19
18 1 41 48 23
10 38 18 31 21
30 43 22 13 12
39 2 27 4 3
8 40 31 3 22
36 26 36 8 49
17 11 19 1 35
7 17 45 12 29
50 48 16 47 11
32 37 44 45 45
24 38 33 4 1
19 17 49 7 21
5 9 27 20 29
21 3 8 27 9
6 3 35 13 31
41 44 45 29 47
28 2 24 32 14
32 44 42 46 27
2 9 29 16 42
48 50 32 4 4
47 43 49 16 2
24 35 8 1 32
43 49 14 50 49
9 1 50 37 26
15 20 37 5 31
27 23 6 2 15
43 43 31 8 16
35 3 5 29 12
29 5 13 2 39
48 13 33 37 39
27 9 29 16 20
36 32 30 9 4
18 14 43 3 15
1 2 44 47 39
14 14 26 19 9
32 41 46 3 31
48 18 1 36 3
29 7 8 41 35
11 11 50 28 10
21 34 8 28 11
3 15 24 9 32
31 10 50 36 39
27 45 1 39 17
9 9 4 34 8
4 50 5 49 36
49 17 20 49 39
30 47 5 14 42
36 2 20 11 50
48 5 38 37 8
40 3 28 31 40
22 42 3 24 36
11 33 5 12 7
39 23 30 20 3
19 30 34 34 38
12 40 35 17 24
46 45 44 30 5
21 49 27 20 37
20 8 28 12 20
32 5 15 41 9
42 48 30 33 10
40 45 20 38 16
6 11 13 17 40
37 41 34 3 48
39 25 7 24 18
28 12 42 45 41
4 7 26 43 18
50 20 37 37 42
6 23 34 19 37
9 19 41 7 26
27 41 40 38 49
5 11 36 10 43
44 36 43 4 44
12 33 12 42 42
1 15 50 1 16
27 4 37 46 36
28 42 36 46 16
23 6 11 3 25
43 26 10 30 32
31 20 3 41 18
37 24 18 10 26
48 10 20 13 44
24 37 33 26 37
5 28 48 23 32
9 42 34 11 16
41 50 2 28 4
1 12 5 18 15
3 30 10 7 3
34 50 28 20 13
18 2 15 7 5
42 32 13 5 47
48 2 44 39 4
36 7 15 43 45
31 28 50 38 18
23 35 38 11 15
1 26 9 32 46
12 31 22 47 15
1 35 13 28 26
36 8 42 9 45
18 12 39 39 18
11 27 34 39 50
28 50 13 14 17
42 2 38 38 32
21 27 46 29 32
18 45 26 36 31
34 34 34 11 31
35 34 3 35 23
35 25 40 14 50
47 38 47 37 19
17 12 3 6 38
19 45 5 3 50
15 42 39 12 39
16 44 11 46 45
4 19 45 41 28
27 2 1 14 33
38 3 40 12 1
4 11 49 40 2
27 41 14 10 28
10 27 22 3 28
28 42 48 8 29
37 20 10 7 32
7 35 50 6 23
12 36 49 17 50
35 21 23 23 33
50 14 6 18 31
31 44 49 12 9
30 17 38 31 17
34 19 3 34 3
6 45 46 13 47
20 27 43 3 41
37 44 39 21 36
40 17 10 40 18
49 43 15 18 49
19 45 48 20 2
15 5 18 2 44
12 19 13 8 46
36 19 38 2 5
44 38 7 24 39
18 5 44 36 19
3 17 45 38 41
18 9 30 17 43
35 45 25 18 50
6 49 7 37 6
38 26 30 1 14
37 14 7 33 35
42 13 47 19 1
3 7 2 49 29
4 22 36 12 17
2 50 7 30 4
25 42 47 46 48
31 25 37 40 12
7 4 16 9 33
22 32 37 35 3
28 12 4 30 36
22 19 34 8 6
28 34 37 10 40
20 2 13 38 15
21 39 29 49 23
13 50 36 48 19
41 29 13 25 33
39 14 27 8 37
28 45 41 2 12
41 18 41 19 24
42 5 46 41 26
44 29 28 7 23
28 50 33 1 13
27 39 4 18 34
50 13 36 26 9
38 42 36 13 31
7 24 9 37 30
17 27 11 11 19
24 49 36 33 5
49 22 40 18 19
36 38 27 8 26
25 2 37 21 39
2 15 3 47 44
38 47 27 18 46
4 29 2 15 35
15 37 18 40 17
39 27 46 33 50
46 22 44 18 12
43 25 19 41 4
47 15 50 35 8
39 1 31 6 35
45 49 39 8 50
46 26 20 19 36
17 36 41 39 49
39 27 1 44 5
25 41 13 31 21
12 8 46 16 24
23 10 14 15 33
37 31 47 44 42
23 27 13 19 26
11 14 41 47 4
48 45 28 23 26
15 50 35 10 37
34 11 48 4 18
49 28 38 29 43
9 2 46 31 26
28 12 29 28 11
34 32 28 12 11
2 47 7 14 34
3 49 21 21 5
34 4 49 46 18
12 33 13 17 8
39 10 47 5 33
26 34 31 25 8
40 2 8 9 40
13 44 26 38 25
43 11 11 5 26
48 28 9 18 2
12 37 3 7 19
22 46 24 8 2
41 41 5 23 25
21 13 42 23 26
2 7 14 33 17
45 34 19 48 2
46 12 22 35 19
30 22 30 35 34
35 11 34 39 26
16 46 27 49 5
15 2 21 11 13
15 17 35 9 31
34 28 47 49 7
34 43 1 2 44
38 1 10 49 6
7 8 31 29 3
9 49 12 8 49
41 6 21 25 27
32 47 28 34 34
21 27 31 16 36
4 16 1 1 4
27 44 48 45 14
36 2 42 24 50
23 22 5 36 30
28 2 48 6 28
34 39 12 31 49
49 23 44 24 21
17 15 33 48 24
47 17 22 42 36
14 1 25 36 5
14 26 41 13 46
14 26 29 35 10
49 17 29 16 2
18 33 25 48 26
5 39 10 15 28
31 50 2 50 8
25 8 46 29 35
33 1 47 37 31
1 39 19 5 50
22 44 34 28 11
36 5 7 38 18
44 11 32 13 43
19 44 35 22 50
28 23 15 3 3
40 36 19 38 50
9 44 16 8 1
13 1 48 10 21
12 26 39 43 19
31 10 24 11 10
1 19 2 4 15
48 15 23 32 50
10 48 40 16 3
35 37 40 34 16
12 34 48 34 45
4 22 41 45 29
6 28 11 42 3
13 44 34 9 19
25 14 19 27 28
30 21 22 25 17
30 13 3 23 28
17 35 50 16 42
33 7 31 23 41
18 16 38 25 19
7 27 31 42 44
27 13 35 35 25
40 41 35 46 48
26 43 9 29 30
50 42 43 17 40
5 20 36 25 27
11 18 15 22 49
4 8 48 1 30
18 6 25 40 29
46 9 14 31 16
23 3 4 15 11
13 39 42 14 31
40 49 5 38 9
37 29 37 25 7
36 11 39 37 5
15 39 7 44 35
18 21 1 11 19
31 48 17 39 48
1 37 3 29 9
44 45 45 30 33
11 38 4 17 12
21 42 12 16 49
11 44 49 43 33
5 25 33 45 48
13 28 43 4 20
34 19 27 25 19
36 7 34 1 8
16 20 33 42 46
14 10 7 40 33
24 8 50 28 1
9 7 37 5 41
39 37 27 17 31
42 29 10 25 5
3 1 37 13 43
35 39 46 34 49
5 19 11 1 25
38 45 20 14 23
50 2 38 1 8
48 20 8 18 37
8 30 21 40 10
5 8 40 4 9
38 19 19 45 13
4 8 28 23 38
3 44 12 2 16
27 19 18 38 6
2 28 3 38 24
19 14 8 14 7
3 8 3 7 24
24 5 6 25 39
47 29 4 35 15
23 48 24 44 20
9 7 34 5 39
30 37 34 20 20
40 22 18 42 37
49 46 4 43 38
40 41 16 29 36
45 8 33 3 41
23 38 33 4 26
1 14 33 49 41
15 40 49 13 23
4 1 48 19 13
42 40 26 50 8
21 47 38 17 34
33 32 3 12 22
2 8 33 17 45
22 25 49 31 35
9 4 32 29 36
50 44 35 9 35
11 39 24 30 5
11 20 22 36 9
36 26 11 4 24
34 8 15 22 43
3 49 39 7 23
5 21 15 6 12
27 24 20 35 10
31 7 5 41 27
34 16 41 2 10
24 17 26 36 21
19 36 44 32 50
43 20 41 29 12
3 49 8 22 11
49 22 50 32 26
6 45 25 5 28
26 1 38 25 42
46 24 18 29 9
46 10 9 50 11
48 45 33 41 37
17 24 22 9 32
15 23 50 10 19
18 29 39 37 13
41 36 37 41 12
41 33 40 45 30
11 29 23 39 17
28 39 36 4 14
29 3 2 37 11
38 37 8 3 11
25 39 49 11 17
25 37 45 18 7
45 32 45 50 4
38 21 31 10 20
4 47 14 46 2
47 30 20 21 41
26 19 3 12 20
48 32 38 31 23
34 14 29 48 31
17 35 22 8 28
49 2 28 30 47
5 11 14 45 8
44 42 30 37 3
26 36 25 7 7
32 17 10 5 28
24 11 22 24 24
47 28 28 25 8
11 47 19 6 21
31 49 22 8 35
34 31 1 4 47
19 5 2 22 26
13 43 29 28 18
25 21 43 43 14
12 30 30 8 5
18 24 6 9 11
46 25 2 24 33
17 14 15 18 21
4 4 17 16 23
4 45 29 12 50
34 20 33 50 23
23 43 50 29 12
24 4 16 1 16
48 46 18 24 21
15 32 3 25 4
48 20 3 5 40
24 40 23 25 4
41 40 47 17 41
15 21 36 2 13
50 34 26 27 7
10 9 20 10 40
17 14 44 21 22
10 4 41 40 42
1 30 34 37 6
47 10 7 31 34
46 46 7 40 47
17 49 46 38 24
17 49 12 15 49
27 35 7 1 2
16 23 9 26 24
13 23 8 1 26
43 5 6 3 22
14 4 44 41 16
15 37 27 30 32
1 37 34 38 8
19 6 16 7 43
37 22 39 28 30
41 17 45 21 1
13 48 22 39 36
19 18 45 14 10
38 2 21 24 41
34 32 26 36 37
15 48 32 33 14
7 9 11 7 2
12 4 34 21 41
25 41 9 8 14
27 7 46 39 12
45 40 39 26 48
14 2 2 33 46
38 27 38 27 49
14 19 35 29 30
33 14 28 18 41
