30 15 5
1919 1911 689 1567 696 1420 1330 1976 722 837 585 827 906 1880 1438 1202 1185 511 1707 1156 1222 1931 534 919 1007 1566 800 1134 1215 823
752 1330 1063 1485 1166 698 583 965 780 723 1122 1502 518 798 1049 904 1205 1320 1383 1898 592 1348 1924 928 1474 603 1885 1367 1032 1637
28 14 7 11 6
5 28 27 29 17
19 10 16 9 25
29 16 12 10 26
21 25 6 27 12
22 23 8 8 6
21 19 14 18 25
27 5 26 6 18
24 19 15 15 6
11 15 15 19 19
10 16 22 19 22
27 22 5 28 27
22 21 9 28 24
23 19 25 13 6
11 18 17 15 8
7 16 13 21 25
13 5 23 23 29
10 23 9 5 26
19 21 12 22 6
13 25 7 27 12
16 22 6 7 22
11 20 9 7 29
25 7 10 12 9
15 6 10 17 19
26 9 24 13 20
9 20 15 30 16
20 8 26 27 8
10 17 18 13 20
27 13 6 8 10
7 12 26 17 11
136 69 46 147 91
176 126 45 82 163
121 83 67 111 46
39 135 194 153 159
53 130 118 113 147
200 170 75 157 38
82 41 23 100 188
28 103 92 20 113
192 30 180 34 107
186 57 107 30 194
64 90 171 101 97
107 40 160 133 180
143 48 89 140 188
106 198 195 108 196
66 21 80 27 63
28 14 14 44 30
63 72 10 30 54
59 30 14 33 15
20 36 78 77 53
13 59 53 65 87
45 40 36 65 10
41 24 8 58 73
14 55 19 4 29
93 16 47 13 63
100 34 41 15 83
16 41 35 22 39
59 16 33 51 53
39 28 45 72 79
28 57 56 59 92
34 4 43 9 35
19 19 17 23 37
29 12 45 40 26
14 47 20 32 45
3 37 3 31 30
32 35 16 13 28
26 37 26 8 37
28 44 46 9 11
44 1 47 37 32
35 5 29 17 30
36 32 12 21 46
22 47 11 42 4
21 17 42 10 41
13 34 15 28 6
40 33 5 15 49
4 43 30 49 30
9 26 41 7 37
18 39 47 46 43
44 47 20 18 44
22 44 33 10 6
31 34 7 28 17
14 40 15 37 11
13 5 20 18 47
4 10 15 30 50
21 36 7 27 2
29 31 21 12 22
24 26 37 31 39
37 25 37 43 41
13 50 6 4 17
7 16 5 42 33
42 34 41 35 16
29 27 42 43 15
9 37 28 16 3
48 47 9 4 3
32 11 49 27 8
12 19 19 31 2
20 12 20 48 12
15 8 27 3 1
5 15 1 2 40
19 13 20 36 49
6 19 5 5 12
3 46 17 20 10
39 38 50 23 31
43 26 7 40 23
50 2 39 45 1
49 35 31 9 28
31 39 30 14 26
31 30 18 8 23
22 9 49 31 9
34 45 35 34 23
17 43 37 15 11
15 17 7 39 32
31 10 32 48 38
18 18 10 32 9
13 43 46 11 16
39 45 5 30 9
12 46 47 25 30
34 22 16 34 21
46 45 5 9 29
2 10 34 45 41
9 35 9 39 21
20 50 8 33 35
13 34 31 8 39
8 34 23 14 22
23 40 6 17 49
29 12 7 2 44
18 26 40 46 22
22 9 3 25 49
21 38 50 28 2
23 9 41 40 28
12 8 6 5 12
9 10 34 2 24
19 11 50 49 3
37 14 24 43 44
32 36 50 28 50
45 37 14 3 48
24 28 39 32 47
26 22 44 20 19
18 20 34 49 4
37 21 44 45 23
46 21 4 22 1
17 45 25 40 11
44 31 16 50 28
46 48 16 47 45
32 43 34 37 17
20 9 21 1 49
6 25 36 19 10
33 23 44 35 32
12 46 19 41 42
42 29 45 44 35
7 48 19 16 18
28 26 48 5 35
16 37 18 7 23
45 3 12 1 29
27 17 11 29 37
12 29 15 32 1
38 15 4 25 5
24 33 41 32 4
23 1 11 46 11
14 11 8 13 49
49 3 32 24 23
41 35 48 2 1
12 4 32 41 42
43 46 33 21 11
15 40 48 6 31
25 36 21 16 15
2 19 11 39 41
11 49 34 35 31
11 47 32 29 30
17 8 8 14 6
38 7 49 16 21
4 41 7 44 10
25 14 43 11 12
20 27 29 35 6
9 36 26 12 39
1 1 16 42 23
48 34 27 20 26
38 1 42 21 43
23 31 24 6 12
33 37 23 28 48
5 16 32 32 6
7 49 18 17 29
26 4 5 37 31
21 2 11 26 38
29 8 3 41 15
38 46 1 8 45
39 3 30 2 3
38 23 8 20 2
17 10 36 28 4
39 36 22 42 20
42 26 49 34 33
12 18 32 25 22
37 25 23 43 30
18 33 15 30 12
28 44 28 39 19
5 22 26 1 7
17 29 28 18 7
30 32 24 14 23
17 33 25 50 4
20 17 12 29 15
19 15 23 30 12
22 28 17 6 5
30 49 37 47 45
19 2 6 36 26
49 7 42 17 1
13 20 26 41 14
15 30 19 12 5
48 26 50 4 25
24 35 25 4 46
50 7 31 3 7
2 19 1 9 22
35 1 4 7 14
9 18 36 24 28
40 18 18 40 19
37 43 22 5 12
45 46 45 5 39
30 48 37 33 8
47 11 15 44 3
5 13 34 45 17
30 37 43 2 20
9 23 19 44 16
18 34 1 48 6
27 49 45 1 37
11 30 38 25 29
38 21 19 22 7
22 19 47 42 33
23 35 26 15 43
23 4 24 33 30
44 50 23 12 43
9 35 35 2 14
45 35 26 19 25
4 23 45 9 32
14 33 5 48 2
25 31 48 48 10
12 20 27 30 39
33 34 50 14 6
34 9 27 12 33
16 48 9 50 22
36 20 16 37 10
33 39 37 32 39
42 19 50 26 38
22 4 14 37 48
32 22 26 49 3
2 25 33 41 6
4 25 49 50 29
48 39 18 47 27
49 7 13 23 42
4 6 1 38 17
7 1 4 50 26
1 4 32 5 26
28 46 30 36 47
26 5 30 27 11
49 12 12 20 24
23 30 30 35 15
49 11 1 3 13
49 44 11 31 47
14 2 8 34 17
26 21 35 28 36
38 2 10 47 27
28 7 25 36 46
21 23 34 35 47
28 20 41 8 33
47 34 12 41 29
24 43 14 9 44
27 28 39 7 8
10 6 20 22 9
37 10 10 16 31
16 21 38 34 47
8 6 47 18 7
20 24 19 48 19
19 28 35 45 47
14 40 14 36 34
10 18 4 41 4
1 12 28 43 14
26 35 41 14 6
35 37 4 24 43
23 1 48 25 12
17 8 31 5 23
13 41 21 24 50
45 11 48 33 47
14 8 2 13 21
33 15 28 49 42
38 21 19 46 2
47 3 3 10 4
33 3 18 46 18
39 27 37 41 31
3 45 2 36 40
34 2 16 46 46
6 16 37 19 47
18 20 25 10 5
21 42 46 16 19
49 3 30 7 13
40 41 3 19 23
4 46 10 34 29
8 27 14 42 1
27 28 2 30 5
23 15 28 17 9
17 44 43 19 43
20 46 30 50 24
33 13 2 7 42
12 12 10 45 41
47 16 42 34 43
15 18 39 8 23
49 16 47 32 28
17 10 6 28 35
24 33 13 35 13
24 17 34 40 13
27 10 29 27 17
22 44 5 32 49
15 35 14 10 1
49 2 29 19 2
2 3 22 31 50
47 5 34 47 28
28 46 44 43 13
42 23 36 24 6
49 25 40 39 31
23 46 49 6 17
6 29 41 39 30
2 26 12 15 15
47 11 14 48 17
44 36 43 25 17
9 50 30 45 30
1 12 29 20 32
46 36 31 28 34
35 8 5 27 41
30 29 28 34 49
11 14 32 40 2
2 6 5 42 45
2 48 34 27 33
13 25 10 1 1
38 34 46 30 1
8 40 31 9 6
24 48 40 20 45
24 38 47 45 34
3 6 50 12 48
22 22 43 45 6
3 11 37 38 9
38 35 31 49 37
1 15 31 3 8
6 46 24 50 41
46 7 3 10 19
25 27 39 46 47
46 48 39 33 1
41 47 49 44 22
20 8 26 34 9
2 6 48 33 46
49 23 7 21 17
11 4 28 20 44
34 11 8 43 48
20 8 12 27 2
1 3 39 44 1
10 1 14 50 45
7 27 19 18 7
22 3 20 30 44
15 49 10 8 48
40 19 45 20 47
44 18 26 48 43
49 44 43 22 29
45 21 1 50 48
28 20 35 26 39
32 9 23 36 15
38 29 46 12 35
32 1 28 14 26
36 35 6 17 24
15 6 28 41 17
29 39 29 13 4
6 41 35 10 28
32 39 27 45 38
1 19 8 41 24
47 38 29 36 44
2 1 39 1 39
25 28 19 20 11
26 45 40 14 13
4 14 39 7 40
29 49 49 21 25
21 46 44 13 26
13 29 2 48 7
42 40 29 50 7
50 26 39 38 46
8 44 23 17 18
31 27 45 31 32
20 14 34 20 39
19 38 28 34 42
7 8 3 23 42
31 24 14 23 41
25 41 46 19 38
3 23 36 21 27
24 26 12 21 41
27 41 22 24 34
39 44 12 18 4
48 50 36 23 10
36 39 8 8 8
24 45 35 50 13
27 45 46 30 37
22 11 3 34 22
37 15 48 15 21
30 20 18 42 15
29 47 2 40 47
2 30 11 21 25
40 27 3 30 19
6 7 19 42 3
34 37 49 46 32
18 17 1 38 1
9 40 38 30 7
11 13 12 22 10
23 20 42 26 8
18 1 5 44 39
47 47 5 14 24
42 41 36 41 40
49 47 22 6 35
25 13 33 40 3
29 3 36 20 32
42 27 25 42 34
19 50 9 35 9
7 25 21 32 1
25 7 38 12 14
3 8 21 10 7
20 23 10 8 8
4 25 42 41 40
21 4 48 28 40
47 28 32 27 47
38 10 11 49 6
44 18 25 16 17
3 13 46 45 39
34 1 25 15 26
16 47 47 39 35
2 7 18 20 49
4 19 13 46 42
3 31 8 14 13
1 9 9 8 24
24 25 1 33 2
25 16 10 45 32
43 25 12 15 10
33 12 17 47 3
13 42 31 35 44
9 9 30 31 28
49 14 1 29 5
24 12 33 31 31
29 36 34 29 38
21 13 11 12 4
21 13 40 42 19
13 21 33 24 11
24 25 12 26 18
32 20 7 38 27
17 4 4 17 9
1 39 5 30 1
16 40 48 40 23
30 37 34 11 14
3 36 9 46 44
30 30 20 17 43
42 4 13 17 36
46 42 40 6 30
33 7 30 35 49
1 29 27 46 50
35 43 45 4 20
32 48 5 15 47
9 38 26 29 8
12 48 47 4 39
41 7 48 43 14
12 38 45 13 27
4 4 13 31 38
40 26 23 11 28
2 47 37 4 45
35 49 40 12 37
26 41 3 13 43
5 39 16 40 7
21 46 25 42 29
6 14 34 44 25
29 8 18 17 37
19 33 33 40 22
22 42 13 35 47
28 16 19 37 12
46 45 7 45 17
40 1 45 16 21
19 15 48 19 10
5 45 38 2 17
36 32 3 39 3
44 6 26 19 16
31 28 27 21 17
43 6 43 9 38
38 13 25 13 10
1 11 29 5 28
47 42 42 4 21
37 35 11 50 8
3 23 10 5 4
25 44 20 24 33
18 37 42 12 29
24 29 37 39 40
30 4 12 32 1
19 4 32 9 4
5 25 42 49 44
36 48 44 35 47
42 24 3 9 29
5 29 21 2 4
39 48 42 39 21
46 10 34 17 44
34 49 17 14 36
41 1 40 17 37
47 4 39 4 21
41 3 28 45 32
9 2 4 14 42
37 10 38 12 21
50 50 35 13 34
27 1 34 3 38
21 4 25 11 20
13 33 40 23 42
13 41 9 26 37
9 12 22 6 14
44 28 2 12 41
16 17 27 39 16
13 3 6 43 26
