30 15 5
666 1523 772 1291 1299 1209 1080 1354 698 503 798 988 974 1022 696 1774 1754 1540 1927 1492 1860 1508 507 1610 1572 1570 888 1399 761 1987
1496 926 1182 704 737 1555 1705 1590 971 529 1996 1214 632 662 1076 992 1136 930 1054 935 724 1281 1749 1067 1784 1338 687 577 1960 566
13 10 17 5 8
28 8 30 22 12
29 20 24 25 26
25 9 21 14 29
17 5 5 5 30
18 16 7 26 30
19 7 11 17 19
23 19 29 22 18
23 12 27 10 20
25 5 14 30 17
26 10 16 17 23
15 30 30 25 25
12 18 7 17 27
23 24 13 22 14
21 13 25 5 21
27 29 24 22 9
10 16 26 14 19
26 19 9 11 14
6 28 7 6 6
18 19 29 17 5
30 27 23 20 29
22 15 29 9 10
25 8 17 6 6
23 17 7 5 18
5 7 25 29 16
18 12 16 13 22
11 20 30 28 12
5 13 29 24 20
12 27 21 9 23
14 29 29 22 7
128 59 125 75 186
45 80 131 174 141
20 117 97 191 193
144 31 90 88 148
28 141 148 83 72
157 137 22 193 174
52 54 20 70 37
144 167 145 188 89
48 127 58 81 106
121 161 113 194 40
165 190 82 108 169
112 182 88 43 60
49 129 138 43 80
96 143 58 187 26
95 22 82 91 178
37 21 29 38 49
20 33 26 74 80
7 53 33 95 79
75 9 51 43 75
11 40 58 38 38
73 68 5 104 99
28 23 6 27 10
44 56 73 80 27
17 27 24 31 49
55 40 62 61 19
41 41 43 28 85
56 91 50 17 22
25 42 32 20 39
26 61 12 53 10
54 8 45 55 42
14 2 42 40 38
1 11 40 41 11
32 23 44 8 36
4 28 35 23 31
7 37 44 32 49
47 41 48 18 22
36 19 1 32 29
16 11 16 14 37
27 19 38 37 5
39 27 28 3 3
23 46 16 11 9
1 22 41 1 20
22 44 5 34 26
33 38 14 32 46
38 28 37 50 2
29 3 19 45 50
4 44 9 32 47
20 32 47 1 11
18 24 39 33 11
16 39 29 30 13
38 23 16 48 40
43 44 8 24 32
33 2 4 21 10
19 26 17 16 25
3 1 32 6 41
31 16 15 29 28
4 17 41 14 37
32 31 9 30 36
46 10 32 20 34
44 13 28 29 35
35 49 37 8 26
23 23 14 38 6
49 22 36 32 21
18 47 41 40 2
5 38 1 30 38
14 10 38 24 11
42 1 40 30 9
17 22 49 48 7
7 4 1 5 37
29 9 3 49 34
1 49 39 45 33
3 45 14 50 6
31 45 13 8 24
25 50 39 33 2
41 18 48 22 46
20 18 46 29 43
50 14 34 31 19
6 22 45 50 35
25 48 19 29 40
10 2 14 37 1
12 42 26 41 44
18 4 6 5 8
24 5 49 16 47
46 29 12 4 18
2 39 34 20 1
30 7 29 14 4
24 39 43 34 5
33 9 21 7 11
30 12 15 26 30
4 7 14 20 47
50 46 49 29 8
25 7 32 33 44
20 5 2 20 36
39 7 3 16 7
10 3 17 35 41
32 26 4 50 11
20 23 30 14 2
4 13 23 35 15
6 30 29 34 12
13 26 11 18 11
20 21 35 8 25
13 24 8 45 7
18 29 32 41 34
31 33 20 44 5
44 36 44 5 10
47 27 18 43 38
32 35 41 14 21
8 18 7 32 13
14 1 49 35 20
22 4 23 12 34
33 38 20 40 40
19 5 36 22 42
35 38 3 42 22
22 16 1 9 37
24 2 18 17 19
10 9 4 47 5
17 34 16 9 13
36 13 45 42 2
41 30 16 9 6
47 23 2 50 27
3 38 48 38 45
29 11 33 24 6
30 34 38 44 4
29 25 38 49 11
50 24 9 42 48
37 35 31 30 42
6 16 25 6 32
16 46 1 32 43
1 39 14 35 10
22 46 34 24 11
26 35 46 23 33
19 10 25 3 4
3 45 3 27 4
40 1 2 3 8
30 34 43 15 6
37 19 1 1 20
23 28 49 49 8
7 38 44 14 14
8 6 14 19 40
21 45 13 23 2
26 29 32 44 15
7 2 2 34 39
5 20 49 46 43
46 11 23 6 30
38 44 41 43 5
20 17 26 35 19
4 45 3 8 46
2 39 3 1 13
15 38 27 5 46
10 25 4 24 15
32 5 19 9 2
43 46 2 34 9
43 32 41 29 21
8 32 28 13 45
6 7 26 39 49
20 24 25 7 46
47 10 32 42 1
36 26 8 29 5
12 36 3 20 39
31 6 37 47 10
38 24 10 38 7
35 37 2 8 34
19 8 11 14 47
34 2 7 3 12
47 37 1 27 6
8 19 2 49 31
36 19 5 29 49
41 3 50 50 31
26 21 2 30 36
28 37 16 15 20
36 14 45 6 5
18 31 44 27 50
38 17 45 37 44
41 48 41 26 5
11 34 3 6 37
7 6 20 17 1
45 15 40 45 6
9 5 8 19 12
30 4 15 29 47
5 20 35 19 28
13 17 16 17 17
32 50 49 43 15
33 29 5 1 45
21 5 45 48 14
25 13 13 33 39
37 8 36 26 14
49 24 9 25 35
5 11 6 40 15
32 24 45 49 33
29 12 42 30 38
48 34 28 38 37
17 43 32 14 12
37 24 25 35 1
16 9 28 5 4
44 18 34 19 19
14 4 24 37 47
48 32 46 43 22
4 3 34 4 41
50 2 33 9 22
41 27 4 32 46
45 26 18 33 36
13 30 21 14 16
45 29 12 13 3
47 29 19 6 5
6 14 41 35 8
1 48 31 23 26
17 38 12 49 42
11 46 37 5 8
40 3 36 23 47
49 41 16 13 8
22 22 4 44 45
50 2 42 6 47
6 40 38 15 36
7 10 3 22 9
11 5 27 35 8
37 45 33 42 14
38 21 17 8 9
40 47 16 11 49
28 42 49 5 16
40 28 29 45 35
14 14 38 4 22
33 32 50 19 3
37 38 29 32 32
12 6 15 50 29
48 3 49 16 36
20 22 38 46 26
38 7 2 25 16
16 44 31 43 17
1 33 15 29 3
3 15 21 13 26
19 18 40 29 21
8 8 27 45 8
11 5 26 19 17
36 23 32 30 41
28 14 29 14 41
50 44 38 21 7
4 46 50 24 32
44 46 35 41 12
8 20 35 29 41
49 36 38 32 3
15 41 34 8 30
49 17 9 6 3
33 10 20 34 23
27 21 30 19 1
39 31 41 44 48
23 40 14 29 18
37 21 20 47 23
13 24 32 48 50
21 13 23 11 33
29 7 18 38 35
29 39 8 28 1
11 17 47 2 10
35 35 49 12 45
19 5 49 26 12
33 5 28 17 3
36 11 32 50 11
50 32 44 19 47
27 24 27 15 12
39 50 10 23 5
31 49 19 29 5
11 47 8 23 21
19 18 33 5 30
13 32 20 31 22
12 25 21 9 47
13 10 31 21 9
41 25 23 39 1
50 37 2 1 14
24 7 23 24 11
47 10 37 48 31
19 35 50 50 5
48 15 31 15 36
35 9 41 8 26
48 30 47 30 14
23 34 5 35 34
13 36 11 49 40
26 21 36 36 37
48 22 50 32 40
27 39 43 43 24
40 46 42 11 40
29 49 4 32 23
44 33 47 7 30
21 21 20 12 44
13 33 26 8 26
33 46 20 39 2
46 33 13 43 45
16 39 49 46 36
47 28 11 13 39
10 14 22 30 39
36 38 13 50 38
46 33 6 28 13
13 30 10 31 24
33 17 18 10 27
49 30 24 18 23
28 20 1 10 42
6 36 5 19 3
11 34 29 6 3
19 15 5 9 47
27 34 40 9 27
18 40 17 36 4
19 35 13 17 17
17 18 18 8 26
24 25 6 38 2
6 46 47 36 30
29 24 36 13 21
39 9 8 34 2
4 47 9 11 48
37 19 25 42 30
20 4 36 25 31
8 27 4 17 39
23 26 14 10 45
14 19 1 6 34
16 9 34 48 40
42 18 13 14 39
19 25 4 21 10
42 30 34 35 32
28 5 36 32 15
39 33 48 38 9
29 29 42 19 47
27 44 5 33 31
20 43 20 2 35
10 29 32 47 35
26 13 22 11 42
2 25 20 3 45
32 32 9 10 26
34 17 39 24 16
37 9 3 49 36
14 34 42 42 3
15 46 2 46 30
16 1 7 24 50
16 47 40 46 14
42 15 43 48 28
37 8 13 39 43
5 47 50 48 30
11 31 27 14 29
3 16 48 8 28
8 39 47 27 48
22 13 32 29 4
1 40 44 17 24
7 41 12 18 3
43 37 11 5 31
42 49 27 29 43
48 50 20 49 30
25 22 47 28 14
20 11 6 45 13
29 48 7 11 29
3 35 37 4 43
12 32 9 1 7
8 32 1 25 35
25 13 49 35 7
47 11 2 44 22
8 13 33 38 1
45 6 21 9 3
49 27 45 19 39
32 46 25 29 35
14 50 24 16 10
38 23 33 39 38
9 40 47 25 2
47 47 5 12 48
26 16 44 34 4
39 22 8 47 28
9 19 43 31 36
10 49 49 10 39
8 41 4 38 42
18 45 30 37 6
1 10 11 25 15
4 44 27 25 16
31 25 16 34 15
1 27 34 23 7
13 45 12 15 33
46 31 19 30 50
36 44 17 41 36
25 46 35 17 42
30 13 47 19 50
26 34 39 27 24
48 4 3 46 36
49 27 49 50 34
26 18 8 37 10
32 3 40 18 17
42 25 9 26 32
36 33 28 6 20
3 20 15 40 24
43 39 36 13 30
30 20 45 40 33
26 18 5 15 27
48 23 10 50 42
2 21 35 14 46
4 48 7 24 28
49 23 48 40 6
35 5 31 15 8
37 31 12 8 20
37 21 25 14 11
13 1 35 3 5
22 23 33 45 5
19 40 28 21 39
12 44 40 15 30
7 48 16 35 23
39 17 24 41 18
31 22 5 19 42
6 18 39 24 9
11 38 10 20 17
3 26 35 9 14
19 21 36 25 3
46 11 37 16 26
24 6 47 50 25
28 24 16 3 5
28 20 37 22 30
20 31 3 36 6
36 8 37 15 36
46 21 45 8 22
8 36 35 32 4
14 35 6 37 23
44 7 17 39 18
33 38 20 38 27
1 50 12 35 30
9 16 16 5 35
29 43 20 3 20
48 14 18 29 24
35 24 39 39 15
47 19 49 34 17
30 21 11 20 8
5 29 7 17 6
46 35 24 25 35
38 17 2 33 50
17 13 19 48 30
19 44 18 7 22
1 5 23 50 40
11 6 40 31 42
7 37 36 49 34
9 47 10 35 25
4 9 45 46 12
36 19 45 2 34
21 31 3 37 13
39 46 36 43 16
8 40 21 17 44
37 43 23 7 10
3 15 25 35 1
34 50 24 14 35
34 14 15 30 25
9 6 32 1 33
31 11 23 35 21
8 45 48 11 39
5 3 17 11 34
31 10 34 23 16
3 4 41 19 28
38 29 30 17 31
10 48 43 28 7
15 17 21 11 34
45 29 31 36 10
37 7 3 1 19
24 9 39 8 15
3 47 3 4 7
7 6 15 37 21
19 22 25 21 37
21 2 14 26 41
41 15 44 40 46
47 35 32 16 30
34 30 24 27 29
28 14 49 8 37
36 48 11 42 48
5 42 7 45 29
12 27 42 13 23
6 15 50 11 39
50 6 40 15 12
21 11 46 20 14
18 17 31 45 14
8 12 15 41 33
44 6 48 27 31
21 46 12 34 23
6 29 40 20 14
36 44 37 6 43
33 22 38 18 39
49 28 26 18 10
5 1 31 29 21
47 42 45 19 1
21 44 44 23 25
26 29 37 23 31
41 45 21 22 2
6 14 24 10 23
13 28 15 49 15
10 17 21 32 39
