30 15 5
515 916 1232 1990 539 903 924 1332 1471 1044 1046 618 580 500 867 1156 1589 1226 1825 818 787 811 1588 1940 1209 1309 1267 1316 1482 1236
1936 1620 1699 535 775 1955 1586 1976 729 794 1009 1318 1402 1128 1614 1295 1298 843 1463 1517 703 828 956 701 775 1230 1513 1289 1921 503
9 10 6 28 20
5 10 27 29 25
26 30 22 19 28
14 18 25 28 24
14 8 11 15 10
22 25 26 16 8
27 21 20 27 6
20 18 20 29 29
19 11 16 30 11
22 11 29 7 19
21 24 11 24 25
30 27 7 24 27
12 12 8 30 19
26 30 24 17 17
23 26 23 7 10
14 22 21 29 8
12 23 5 11 27
30 10 10 25 21
6 26 17 28 21
7 28 9 23 14
5 29 5 13 22
22 10 20 8 9
24 18 25 7 28
19 22 12 15 20
22 6 17 8 20
18 21 6 10 27
13 7 22 17 12
11 23 22 16 17
27 5 18 23 30
18 15 10 13 24
126 169 164 173 164
83 149 33 148 155
158 67 136 189 36
45 29 106 89 170
164 89 98 102 138
59 53 81 159 26
110 95 135 183 52
116 195 25 106 150
37 139 122 42 90
75 95 40 47 172
165 195 192 112 194
106 198 144 194 40
158 108 99 106 108
27 166 88 39 193
195 165 133 136 185
64 91 40 76 88
42 58 8 71 92
40 20 47 105 12
26 16 61 48 100
37 40 46 24 36
15 15 45 72 12
56 35 68 75 19
28 49 6 63 83
10 79 36 10 20
39 32 21 12 72
70 73 91 34 115
47 80 54 39 22
68 25 47 58 51
11 88 23 22 59
100 71 57 55 108
22 25 47 45 24
2 15 20 31 22
22 1 31 39 26
37 3 28 37 28
3 25 11 36 22
18 15 44 5 16
9 37 2 28 7
1 10 48 17 13
36 18 50 16 43
9 2 11 32 33
39 17 27 14 22
7 1 8 31 41
41 43 41 41 19
35 6 7 5 35
20 42 40 2 44
23 10 31 45 34
8 14 38 23 44
15 2 10 41 17
4 2 12 13 9
42 12 31 36 14
30 25 24 26 23
40 21 42 22 37
42 49 36 31 31
50 18 37 34 30
22 32 6 47 9
15 6 19 2 47
47 1 19 27 11
46 10 27 18 21
32 14 37 46 34
21 21 14 48 34
23 24 31 14 35
9 20 38 2 31
21 2 9 7 10
29 1 6 6 5
24 10 11 18 48
48 3 13 49 36
5 15 2 48 5
47 18 25 8 23
4 28 44 18 2
9 21 13 37 2
2 25 21 4 40
37 18 22 21 34
35 25 38 38 25
14 29 47 36 44
24 10 48 48 12
40 12 4 47 13
3 47 22 28 44
46 21 38 39 8
40 12 12 46 2
1 50 22 20 32
15 26 27 43 11
31 22 42 9 21
12 27 13 38 40
43 14 16 46 45
24 25 25 49 2
45 19 46 2 7
34 50 50 39 27
19 19 31 27 31
19 2 47 17 33
26 37 44 24 1
42 26 5 49 10
32 17 44 13 30
37 34 19 29 17
31 43 20 43 33
11 27 18 4 39
42 9 41 36 3
35 4 32 25 14
3 12 49 5 44
35 22 16 24 49
50 13 40 20 20
29 45 41 13 27
32 1 37 22 44
41 48 11 11 8
35 46 2 15 36
22 39 13 24 11
32 34 26 50 2
2 18 49 33 20
48 11 15 36 39
42 2 14 2 33
5 50 20 32 50
24 43 10 14 46
16 24 7 5 7
5 32 24 28 13
29 37 36 8 42
40 3 37 5 47
4 40 49 5 27
10 12 36 13 46
48 24 28 43 44
15 10 15 32 34
39 11 41 40 15
46 41 19 25 24
35 16 30 17 5
36 39 16 12 7
17 48 49 17 32
30 19 17 46 31
3 26 50 24 41
9 37 7 42 7
47 12 31 18 31
25 45 36 48 50
47 46 34 37 21
23 28 50 29 10
26 20 23 25 45
1 26 36 13 23
7 43 2 22 33
8 8 45 41 26
5 7 40 17 19
3 49 43 33 46
37 39 37 18 1
20 35 1 34 18
15 38 15 11 12
45 42 27 49 22
35 5 19 5 45
44 46 25 10 11
5 23 20 20 6
17 6 19 13 21
48 34 1 34 26
22 45 32 30 20
47 3 1 16 39
27 7 25 26 38
33 28 31 46 46
14 17 32 24 17
13 45 25 20 30
6 29 32 4 48
9 23 5 50 45
13 25 11 42 24
35 33 1 12 18
30 27 38 19 33
15 31 41 31 27
27 14 4 30 49
45 36 48 39 42
45 14 10 33 33
4 32 40 8 7
22 3 50 17 42
12 23 8 46 5
42 47 2 28 27
31 50 11 46 13
26 11 29 39 27
38 26 10 39 44
10 34 30 45 49
37 30 29 16 15
45 23 31 38 10
28 16 23 40 35
41 1 35 20 2
43 23 37 12 5
27 29 19 35 48
6 10 46 42 10
5 43 20 10 1
41 41 3 8 50
47 17 40 26 32
4 5 32 15 22
19 46 16 1 10
22 16 27 30 4
21 6 6 35 36
7 17 50 31 50
19 3 50 41 10
33 14 42 44 21
23 15 10 47 14
4 1 47 37 11
32 43 26 8 41
17 14 21 48 46
44 44 10 25 7
29 16 39 18 33
22 32 4 38 47
21 40 33 26 17
33 36 9 22 8
24 46 32 23 16
9 25 36 28 7
48 35 10 7 11
25 6 47 20 19
8 7 17 2 22
39 46 44 11 4
44 33 14 34 20
39 27 19 39 12
46 5 17 31 4
41 3 27 24 34
23 5 38 17 34
16 14 50 7 35
28 14 18 39 5
49 29 45 17 26
31 16 20 44 15
35 47 21 22 40
7 5 30 39 43
37 36 47 9 23
23 3 38 13 30
4 38 34 17 30
45 3 2 30 12
49 18 25 4 43
36 11 27 7 25
21 31 8 29 34
13 12 18 49 23
1 27 42 25 23
48 36 44 9 25
14 30 32 11 33
27 3 31 39 32
45 37 29 12 20
12 6 21 41 38
9 9 30 39 16
50 49 45 15 18
19 25 31 18 5
31 34 36 35 9
33 47 48 32 1
14 7 32 27 7
15 21 8 20 20
13 26 48 48 42
25 1 21 27 23
3 35 44 37 13
30 46 40 38 33
40 4 17 20 41
16 10 3 21 3
17 33 36 21 7
33 23 20 37 24
7 46 18 32 20
33 17 30 38 16
42 7 18 44 41
4 14 1 28 4
47 48 9 26 24
45 25 15 37 22
44 41 34 45 20
18 23 35 50 22
26 46 19 25 3
28 13 39 47 44
42 42 30 50 48
45 24 44 48 26
31 19 36 21 35
34 18 7 35 4
16 23 25 18 38
33 29 40 47 28
28 5 47 2 22
5 23 38 22 45
25 34 1 22 12
50 33 17 44 20
4 29 40 21 29
34 19 42 31 42
50 9 43 2 11
15 16 11 12 2
41 28 36 39 28
11 33 35 15 41
31 8 32 36 13
43 20 41 2 32
49 10 46 39 11
32 3 17 17 39
7 21 19 37 10
14 26 25 33 45
46 34 12 19 23
23 41 16 47 47
5 22 5 48 44
8 39 29 18 5
35 26 40 26 24
21 9 26 35 26
6 21 50 42 28
9 11 32 49 35
5 26 42 6 32
16 1 17 5 48
32 15 3 14 10
28 14 44 16 4
36 25 35 49 1
22 23 23 32 19
42 9 14 31 1
37 6 48 6 7
13 10 30 16 33
33 7 43 50 31
49 48 36 45 33
2 13 1 33 36
2 20 31 25 10
23 44 26 48 17
47 46 34 45 22
30 23 49 31 38
11 35 16 35 20
20 16 18 23 50
36 37 43 25 9
36 50 11 44 22
32 14 10 37 18
41 18 37 15 19
32 15 50 35 25
36 14 20 15 27
39 29 33 46 26
22 12 18 20 4
50 17 14 8 10
30 25 13 39 6
11 21 18 11 25
32 21 44 29 42
32 5 50 39 8
34 11 47 39 31
25 11 49 42 17
16 34 4 16 26
13 17 11 21 2
27 18 47 37 48
7 2 11 43 3
14 4 9 1 28
9 19 31 3 39
33 16 30 19 6
40 39 48 8 47
47 41 21 14 40
45 4 48 16 35
21 30 10 35 13
31 40 16 8 41
37 35 27 27 46
29 43 22 1 31
30 42 42 4 46
32 43 21 40 6
1 41 22 21 30
15 26 14 50 47
9 8 3 41 31
6 42 32 25 24
49 50 1 41 19
18 24 45 9 18
37 10 22 45 15
24 39 41 21 16
45 38 18 29 49
18 22 2 43 49
29 20 37 12 50
47 29 28 25 12
12 46 15 32 17
16 29 18 14 11
41 28 13 48 6
12 22 31 31 47
24 31 11 23 43
41 22 36 38 48
37 49 47 39 21
10 50 32 47 34
8 36 13 37 34
37 4 22 40 5
29 19 34 37 41
44 27 19 29 36
26 40 26 25 2
17 50 46 39 1
35 4 43 7 24
28 15 38 48 19
18 16 23 49 23
40 10 10 1 50
31 25 8 46 32
4 5 8 12 49
46 20 42 20 3
40 24 10 7 17
40 12 37 45 21
2 19 41 28 19
41 9 50 49 6
35 45 48 20 41
5 1 28 28 10
4 37 47 12 6
42 48 36 16 46
16 49 18 37 35
1 49 28 10 20
11 15 9 1 8
11 29 26 32 34
29 12 13 40 21
7 40 18 17 12
27 27 44 35 9
44 5 35 42 41
7 37 13 43 1
30 7 31 45 22
18 7 24 46 17
50 27 48 22 14
50 47 13 8 20
47 5 19 10 30
14 50 42 9 14
13 28 5 26 50
21 42 33 28 15
29 30 39 16 39
45 7 20 3 20
21 17 2 7 33
42 19 40 11 40
33 38 24 27 47
4 6 35 49 5
33 7 11 22 15
34 23 10 35 20
21 32 10 47 31
25 14 27 37 14
50 15 19 36 1
33 39 48 39 24
42 45 34 26 4
42 35 12 16 39
29 14 12 10 2
23 23 33 33 18
34 38 39 6 24
48 13 49 15 25
31 16 28 37 40
31 25 8 1 29
19 17 26 11 19
37 22 16 5 11
13 37 9 5 47
35 43 28 9 31
9 10 8 43 45
40 14 20 49 42
30 46 28 3 7
21 26 15 40 25
3 7 25 44 48
5 50 9 21 2
9 45 27 7 40
15 27 32 42 13
31 21 12 2 47
30 3 44 40 28
2 10 1 12 44
5 19 17 48 25
4 41 9 32 4
20 21 43 15 7
14 35 27 14 23
31 31 27 9 19
23 24 16 2 23
14 48 10 2 42
30 12 21 14 23
8 34 3 30 50
14 6 19 24 6
37 6 42 32 7
21 18 14 39 19
50 42 33 5 48
45 18 43 37 28
37 45 21 42 42
7 5 4 16 42
15 28 22 16 38
11 2 4 48 48
9 29 39 10 47
31 19 7 10 18
17 22 32 41 7
28 36 47 15 45
38 4 4 44 25
2 16 2 16 19
47 29 42 31 44
11 4 47 41 14
38 45 2 33 16
23 16 46 34 32
12 36 47 35 31
40 27 19 49 30
35 11 31 40 38
29 3 1 34 47
27 15 40 34 27
38 10 1 50 28
33 14 21 31 43
13 5 5 46 34
34 21 7 29 35
32 40 46 49 44
3 10 17 2 19
48 32 36 32 43
8 40 40 35 36
10 8 28 30 25
32 49 20 33 50
42 34 22 7 47
11 44 15 8 28
42 26 2 49 35
1 21 10 22 3
48 18 29 20 42
44 26 46 30 35
2 33 35 44 1
4 35 29 4 25
10 26 29 2 46
47 41 21 34 44
14 18 36 7 42
20 24 14 7 36
13 18 42 9 44
32 49 2 42 12
