30 15 5
1988 1686 1963 1443 889 1826 1775 596 1441 731 979 675 1439 1321 1835 1462 548 1377 1998 1342 1775 778 892 1933 1475 1507 1177 639 1105 867
595 1395 842 1699 832 863 728 622 692 1011 965 501 1798 1405 1300 1781 1452 1444 974 1445 1244 1239 603 988 1781 1131 1493 1934 701 1436
7 29 14 30 27
26 15 22 11 19
23 8 28 10 19
13 20 8 24 23
19 17 7 22 15
8 14 5 14 12
21 27 20 15 28
26 26 28 18 25
17 28 21 13 20
7 26 16 6 9
12 15 16 11 29
22 26 30 21 27
26 17 23 5 13
23 20 29 29 27
24 14 14 16 24
21 17 23 15 17
28 29 25 28 21
16 22 18 18 15
21 29 26 6 24
12 10 11 23 14
7 28 21 28 27
9 8 11 13 24
5 7 26 24 25
21 6 22 22 11
28 26 8 16 17
18 25 5 8 5
7 13 26 26 6
18 5 30 16 30
18 15 23 23 14
20 16 29 9 20
150 90 44 71 84
101 188 22 129 194
94 175 98 153 152
59 50 156 144 123
103 79 187 75 98
195 30 141 139 86
183 174 117 157 76
31 99 95 106 131
105 95 190 76 77
111 156 62 79 135
163 181 87 69 104
183 197 156 199 47
21 34 144 63 107
61 21 142 200 24
121 141 188 164 34
41 33 25 33 21
53 67 9 40 64
21 103 33 83 33
25 19 62 54 38
31 34 110 18 21
85 18 38 37 49
84 40 55 43 28
11 28 41 55 38
34 48 94 23 44
35 44 17 44 81
97 53 29 27 55
59 61 44 78 11
7 15 46 13 56
23 5 37 109 12
42 31 77 56 13
21 12 26 29 41
45 2 20 17 2
41 37 19 50 41
6 18 33 19 27
18 48 47 49 23
42 47 29 43 2
12 37 20 39 20
20 28 13 9 9
33 10 15 36 17
50 44 24 29 47
14 49 24 12 7
29 3 34 48 31
17 34 24 12 12
42 22 36 13 18
19 20 9 38 20
11 32 8 38 41
38 32 28 33 27
30 25 47 16 36
38 34 45 11 39
4 41 44 39 49
29 9 36 33 40
34 32 20 4 25
24 8 9 32 13
27 14 45 43 17
32 39 47 46 19
19 2 4 41 33
49 20 36 34 33
18 44 39 39 42
45 3 12 27 45
34 9 31 31 40
29 49 38 22 14
42 14 20 46 40
45 46 40 13 48
25 45 18 24 31
37 42 5 6 5
16 47 1 46 30
23 27 15 9 8
45 6 21 32 35
35 15 20 4 23
5 43 28 18 23
42 30 26 35 13
2 24 36 24 45
2 31 43 19 30
47 46 20 27 24
22 3 5 8 27
42 42 26 47 11
46 15 25 44 1
26 3 13 39 31
24 30 36 49 24
48 8 12 33 29
9 44 4 45 16
4 12 41 30 5
41 29 10 6 3
3 15 9 48 2
4 11 44 31 8
10 22 44 8 38
32 44 38 9 29
10 3 6 34 37
27 16 4 32 36
30 25 39 31 39
27 30 19 43 19
23 23 37 34 29
46 4 50 28 26
1 7 35 6 2
29 1 36 4 22
15 35 31 29 21
33 22 40 45 44
24 20 32 3 32
11 27 46 40 7
28 41 24 16 6
42 5 27 30 8
3 3 45 26 17
49 24 25 42 37
3 24 25 32 34
37 30 23 9 28
2 29 13 38 46
30 45 33 1 38
16 5 1 25 24
13 20 6 33 16
20 36 15 30 8
44 47 50 18 3
47 37 16 14 38
34 6 9 17 21
19 20 38 1 19
42 10 39 34 24
27 22 12 20 37
23 5 25 16 44
50 38 5 26 32
13 22 13 43 5
27 29 12 10 40
4 33 10 21 32
25 41 33 39 22
7 29 15 23 29
8 44 24 37 29
40 10 36 36 38
20 13 50 5 3
19 18 11 40 43
33 46 9 2 15
43 21 28 24 34
28 43 8 19 12
31 15 6 2 2
18 45 13 10 35
37 47 25 1 9
46 15 38 33 14
36 28 2 38 34
18 34 18 46 13
29 10 11 23 31
15 49 38 41 13
36 20 34 10 41
5 50 3 37 16
35 45 33 7 49
35 1 13 30 50
4 28 38 29 43
44 7 4 20 36
47 3 36 6 16
44 3 34 41 6
14 8 35 27 14
42 11 48 30 5
50 39 27 22 4
1 44 13 47 13
4 34 31 42 11
7 42 11 25 15
20 35 6 31 25
27 46 18 50 9
20 42 34 21 32
28 12 2 46 2
33 12 42 30 8
16 8 11 26 40
2 24 24 50 21
24 13 42 43 39
49 14 28 30 30
6 16 22 29 31
5 40 7 48 44
17 24 31 35 18
21 11 43 32 40
14 1 10 48 33
43 7 25 2 16
18 40 26 6 26
4 22 11 1 22
3 36 5 3 40
8 32 28 34 45
33 13 30 17 33
39 44 31 46 32
31 4 27 31 2
47 36 46 11 48
48 23 24 22 41
11 26 10 10 4
43 9 24 29 20
4 2 42 28 46
33 49 10 15 6
7 16 40 31 18
12 32 20 25 30
41 36 9 34 30
50 49 46 44 38
6 17 7 15 14
32 23 22 43 3
46 3 32 7 26
19 21 33 8 5
9 42 48 38 10
25 36 50 45 49
16 32 46 25 36
24 15 14 17 31
37 49 8 12 6
42 6 11 36 39
34 4 11 35 48
37 3 34 7 25
14 44 47 42 15
45 37 41 20 40
10 32 41 31 41
43 27 24 8 13
9 4 42 35 45
15 40 23 15 36
5 39 34 24 37
20 10 22 38 9
39 21 33 12 22
50 49 5 1 4
1 34 33 49 14
9 36 10 8 22
15 24 12 19 12
14 38 4 38 37
22 23 46 22 33
49 48 21 1 50
31 44 33 14 7
39 9 31 9 32
22 42 44 34 26
30 50 2 15 15
33 36 35 23 16
38 42 37 18 4
6 2 5 16 50
15 19 3 26 30
24 7 6 37 32
3 6 41 32 40
49 2 5 41 18
41 4 42 17 27
49 40 9 2 30
5 22 42 31 31
29 15 2 32 36
24 14 38 40 48
11 39 30 37 50
43 3 23 13 6
13 15 19 35 26
47 47 28 38 3
39 2 40 25 34
43 23 48 34 50
38 22 5 8 50
38 5 10 41 13
42 28 23 5 47
48 10 31 7 44
17 8 40 39 29
43 35 27 21 12
36 41 27 39 49
44 9 50 4 37
32 32 49 12 33
22 47 39 1 22
18 25 27 47 33
32 15 7 31 50
44 20 44 49 47
45 19 11 43 43
1 39 8 36 25
8 9 20 22 14
17 15 24 49 3
16 42 41 39 15
4 42 44 12 18
22 1 6 31 7
48 34 29 1 15
27 31 5 23 43
17 3 45 9 17
1 49 21 18 21
28 10 5 35 19
6 3 24 34 48
2 28 29 7 1
47 41 32 25 26
21 30 16 32 47
41 4 11 49 45
11 7 37 10 45
23 19 11 42 13
36 19 10 34 36
50 49 28 5 8
4 20 8 6 25
1 4 32 36 24
35 40 45 37 31
9 28 30 22 26
3 33 50 15 18
17 22 33 19 19
32 19 35 36 15
4 43 41 1 34
48 32 25 39 30
11 45 36 11 35
50 35 16 10 35
19 10 4 48 32
19 24 14 7 47
20 14 3 32 17
35 31 15 45 13
17 44 3 16 5
47 6 4 24 13
7 31 31 38 17
37 21 45 45 50
19 22 37 29 35
13 17 43 38 22
47 36 27 15 24
14 5 8 49 15
43 6 22 34 23
9 13 37 38 17
47 32 10 25 50
19 31 50 27 1
23 48 32 46 41
6 34 35 35 47
20 9 10 44 28
21 13 11 44 16
48 35 6 45 28
4 3 49 37 24
1 37 46 7 24
22 11 20 46 16
35 23 32 43 14
47 50 40 16 3
43 46 5 5 24
16 5 18 16 49
50 10 19 40 39
6 15 27 10 25
49 10 7 37 45
26 19 20 11 47
10 38 42 23 25
24 46 13 50 19
24 21 16 48 17
21 46 48 23 22
47 13 45 22 30
9 22 19 6 16
16 9 8 33 33
37 49 3 25 39
9 47 40 28 16
4 15 34 40 21
28 42 35 6 18
45 14 12 21 49
44 21 11 12 49
32 3 22 6 9
13 30 2 44 15
35 49 14 37 42
40 41 24 12 28
24 45 6 23 46
15 23 16 8 9
18 29 30 34 43
26 25 33 41 19
33 9 29 47 15
35 46 9 48 46
10 34 25 3 17
24 7 33 8 30
15 43 6 46 39
45 27 41 7 15
19 22 4 13 40
14 7 36 3 3
32 45 41 47 36
47 33 32 7 29
11 40 24 29 37
19 28 29 22 44
46 50 49 16 38
27 35 14 30 14
48 6 31 48 41
5 25 46 39 46
29 28 42 50 6
31 33 46 30 35
14 38 39 25 16
17 15 40 40 30
21 28 2 43 2
40 42 33 18 11
35 4 24 22 30
12 47 31 37 32
1 41 31 18 32
31 13 42 1 38
13 22 8 30 18
16 50 10 3 2
24 10 43 49 22
4 20 40 2 2
16 30 16 42 2
35 49 40 10 8
47 49 14 8 13
9 16 5 3 1
8 45 2 46 35
19 36 10 5 41
2 27 24 42 24
31 10 9 16 35
50 17 49 36 29
33 44 10 43 23
13 4 32 38 4
30 43 44 6 30
24 48 17 4 25
16 50 4 31 43
21 5 30 33 12
34 13 7 28 36
37 17 6 3 34
40 17 37 41 7
13 19 24 46 31
42 33 23 40 48
29 28 42 5 44
30 20 44 16 19
12 6 28 5 48
49 47 34 41 36
3 38 27 6 43
20 30 44 35 45
21 9 29 23 38
14 45 5 36 9
9 46 24 15 37
7 28 37 23 33
31 47 35 13 8
11 50 3 10 29
12 19 31 30 42
28 34 41 37 14
5 2 46 39 24
31 15 24 32 36
48 14 33 43 27
3 31 38 8 3
14 42 3 33 3
47 36 10 42 3
21 50 45 49 50
23 35 17 44 23
7 26 43 2 43
38 9 6 21 4
23 50 32 31 33
27 15 17 41 34
15 41 32 35 18
44 41 15 41 4
39 18 16 36 49
11 14 49 3 7
23 6 23 38 19
6 15 2 46 24
23 38 33 35 48
20 32 39 43 8
50 24 26 28 45
5 45 36 41 30
48 40 35 16 1
18 15 17 44 41
20 43 40 40 37
48 11 29 24 26
37 26 47 29 28
37 19 49 29 23
23 2 14 13 11
3 29 5 30 25
49 44 4 23 4
27 7 31 7 10
29 41 35 28 30
22 36 31 2 38
42 2 16 20 10
19 17 46 13 49
45 21 3 5 24
15 47 41 11 37
17 45 23 39 34
24 38 48 32 29
10 22 13 25 21
30 3 27 30 20
15 49 34 16 29
31 28 46 22 16
2 24 28 10 12
33 16 47 43 21
42 49 38 33 34
44 45 1 39 42
15 6 39 27 32
25 23 12 15 18
44 22 34 22 26
37 25 43 47 22
40 18 8 32 8
23 41 2 48 27
14 35 19 50 27
17 42 14 49 13
16 14 25 6 28
23 24 7 13 42
3 31 14 2 16
43 10 32 8 32
35 19 18 5 24
30 16 34 44 17
33 9 46 25 46
28 31 30 25 20
49 43 36 17 8
20 48 37 44 18
29 25 39 20 17
30 28 31 32 39
48 21 3 8 18
35 30 1 23 26
25 2 19 18 33
27 6 34 35 5
36 35 13 40 43
46 6 35 6 30
48 15 11 25 13
17 46 22 17 44
50 42 42 24 8
12 34 33 9 6
49 29 4 25 11
8 31 43 36 19
33 45 6 5 45
13 40 45 11 10
48 7 43 10 16
6 26 25 20 22
