30 15 5
1026 1787 1754 612 1130 768 853 761 986 1807 1188 1740 1481 1003 935 1662 1526 1020 895 1382 944 1687 519 1225 1661 1569 1455 1419 1207 1642
1528 1801 1925 1342 833 1578 1261 997 1559 1904 717 1229 1961 1808 1391 719 1373 1905 1927 1722 1262 1160 913 1196 682 844 1148 1706 1585 981
20 27 16 16 16
11 23 9 6 20
8 7 20 26 25
25 11 13 27 17
14 28 29 5 23
6 9 15 19 25
13 23 26 15 26
26 5 28 6 20
25 8 11 29 25
30 20 24 19 27
22 11 27 6 9
12 23 5 27 5
7 25 21 15 25
7 23 30 25 12
16 9 21 6 29
14 23 6 19 29
6 23 30 12 20
19 27 18 30 11
7 21 16 28 8
7 24 24 6 22
7 11 6 6 10
22 12 5 24 5
12 5 14 26 26
10 20 9 17 5
28 16 6 19 10
19 28 23 27 16
26 25 9 16 16
11 29 18 21 19
30 20 7 12 5
14 5 5 6 17
79 191 114 95 128
178 91 140 102 85
70 70 21 25 165
21 180 90 134 124
114 187 117 114 159
115 62 124 42 134
175 194 29 195 44
132 192 56 199 158
55 68 172 71 132
103 31 152 40 185
173 121 76 127 137
27 131 20 166 127
39 194 92 84 150
81 139 97 40 156
147 79 152 64 156
39 98 45 49 56
56 50 63 55 38
31 27 10 14 48
5 52 22 47 54
52 71 38 27 95
67 13 55 23 37
76 95 17 85 10
34 60 33 96 35
22 33 36 18 51
34 16 83 10 49
37 63 18 56 58
15 38 6 50 38
17 65 44 42 45
16 49 20 9 73
66 43 70 27 91
37 38 6 47 18
27 33 12 16 26
49 18 39 12 40
27 19 3 2 11
8 12 49 27 41
31 3 21 39 50
10 50 38 8 37
9 3 22 3 48
50 18 25 18 18
1 6 28 15 20
5 5 12 4 28
44 1 49 50 44
26 21 17 2 45
9 3 13 27 15
33 14 9 8 44
26 39 30 34 23
39 36 27 38 5
30 37 6 45 41
21 39 45 8 48
40 3 34 15 29
10 35 16 1 48
33 24 5 28 12
21 26 43 29 43
3 43 21 38 29
41 28 30 11 1
24 18 21 28 19
16 44 50 17 24
34 43 35 8 39
50 31 19 15 5
32 11 35 40 39
37 14 37 27 16
17 2 46 39 28
49 9 43 17 13
44 30 48 12 19
41 7 8 37 31
37 20 28 12 5
38 45 47 5 16
16 34 4 48 50
3 31 29 23 25
28 14 42 5 11
27 46 49 5 4
12 22 12 44 35
4 31 13 33 10
19 34 18 36 24
45 15 40 29 36
49 4 38 47 8
20 35 11 29 2
19 31 45 25 13
31 42 32 11 35
46 23 38 16 15
3 49 50 39 37
35 36 15 13 17
32 19 49 38 31
5 18 22 13 1
49 45 3 10 28
20 17 31 35 24
17 30 33 12 6
6 23 44 6 21
19 23 26 41 39
12 16 6 40 40
35 44 17 9 47
50 34 7 32 3
23 16 24 14 8
29 26 41 12 3
9 9 11 18 34
36 41 5 50 22
15 6 9 39 16
32 14 22 12 48
47 24 25 27 36
30 40 32 30 36
30 1 19 12 31
17 3 45 48 43
41 35 7 36 23
37 33 15 10 21
18 32 36 7 41
30 14 42 45 28
9 48 37 17 42
1 8 34 25 33
18 6 12 25 40
23 24 17 36 36
16 44 26 44 8
45 4 12 42 39
2 16 31 19 43
48 24 22 33 41
8 29 13 26 7
27 44 29 7 19
43 2 50 40 26
30 9 3 21 28
19 45 40 38 37
25 12 47 22 1
16 45 1 15 11
42 37 10 12 1
27 22 40 18 32
28 17 46 12 35
25 45 23 13 8
5 35 8 34 27
38 21 13 33 40
46 10 6 24 2
49 29 20 23 48
41 2 33 10 14
30 6 49 15 19
11 15 36 24 16
34 29 2 29 18
6 10 7 22 39
49 17 15 37 36
8 47 19 30 20
8 49 17 28 42
16 44 15 24 42
18 43 11 43 25
10 13 27 7 36
17 11 42 8 15
23 20 37 31 26
48 38 2 40 17
16 17 33 16 39
30 38 9 8 8
28 50 34 39 46
35 31 19 49 39
22 50 49 9 46
3 14 2 36 8
29 27 50 8 7
41 35 32 47 50
14 24 42 39 16
42 45 3 11 31
31 19 17 34 7
42 32 3 27 48
1 32 40 8 34
43 1 26 6 46
3 40 3 20 5
46 11 45 35 49
2 38 13 28 2
42 40 32 20 10
27 46 11 28 49
24 17 37 40 6
41 45 26 1 48
13 4 2 10 41
21 16 39 41 21
17 18 8 16 3
15 50 36 13 3
20 22 11 38 7
3 18 19 43 48
8 3 6 38 22
44 50 29 4 25
28 5 29 32 12
9 46 17 47 23
24 7 17 2 28
33 45 42 2 19
14 34 46 6 8
49 40 12 25 50
50 18 16 5 15
36 23 2 10 30
38 7 21 27 19
22 28 48 37 25
33 4 18 50 36
16 48 35 7 47
13 12 13 6 16
7 33 29 44 27
45 34 24 35 29
22 9 9 12 41
9 23 8 44 45
12 47 36 48 11
50 25 43 46 29
28 43 3 1 33
29 19 42 25 28
39 19 45 27 22
48 25 38 31 20
42 32 15 17 30
20 42 28 48 17
40 6 26 26 11
16 45 13 32 33
46 12 24 48 15
42 20 14 14 13
24 26 1 28 32
42 38 28 4 25
3 33 11 10 19
24 39 9 26 20
26 21 26 32 43
46 11 21 12 34
6 18 42 33 30
33 32 7 48 45
15 42 40 27 32
14 8 2 39 7
14 8 27 7 14
8 4 49 42 21
44 6 14 17 27
41 35 22 13 23
32 5 9 28 11
47 16 38 47 35
21 12 50 20 30
24 32 40 11 46
25 33 7 23 38
7 38 21 34 32
20 22 32 4 5
31 6 14 3 9
50 19 30 30 36
1 10 36 29 6
10 25 28 12 41
46 8 39 8 49
42 42 29 27 24
48 11 17 24 12
39 41 2 17 46
22 29 50 35 5
32 9 31 40 21
43 12 11 26 40
8 13 33 14 26
11 48 25 6 47
32 25 9 32 28
39 43 38 21 23
39 16 21 5 49
13 45 11 21 20
5 9 21 28 20
18 37 17 14 6
31 24 45 17 24
23 34 22 14 28
9 17 4 20 32
28 9 31 9 35
45 3 38 11 28
41 42 44 11 5
8 4 22 1 42
39 50 27 44 42
38 20 7 49 24
36 33 21 10 25
11 34 40 37 25
44 15 19 22 7
7 2 19 27 38
35 38 46 16 39
3 4 2 29 49
28 7 14 37 47
26 19 37 18 2
23 6 11 23 10
45 50 41 26 7
46 35 14 3 24
7 31 14 44 30
17 35 28 20 42
42 44 43 40 10
41 5 42 24 47
42 26 47 33 43
24 3 42 42 41
20 50 13 1 50
41 34 14 12 37
22 1 6 3 14
42 19 25 6 16
20 3 7 24 50
33 39 33 22 15
49 23 6 40 14
41 42 43 29 18
2 28 18 8 24
26 48 36 39 31
43 29 12 43 3
10 42 12 3 4
45 11 41 10 49
20 31 13 16 35
5 2 29 32 31
38 25 38 44 13
31 37 9 5 4
37 11 45 7 24
44 37 25 33 33
49 22 45 22 12
33 30 24 11 18
7 23 20 32 8
34 42 33 26 40
3 32 27 45 28
48 5 22 10 22
45 45 11 24 48
35 28 22 47 39
11 50 11 16 3
36 41 9 44 1
39 1 17 1 10
13 17 36 18 42
17 32 47 35 25
14 11 28 23 10
50 32 28 27 34
3 30 28 22 46
37 47 42 9 26
38 5 7 47 1
22 18 34 16 7
35 24 36 40 21
12 42 50 46 5
35 7 19 49 23
48 34 33 8 37
42 31 35 40 18
28 27 16 35 39
37 28 27 4 37
21 20 30 31 21
18 30 6 16 4
8 24 21 26 9
44 41 50 45 5
28 35 45 18 45
14 33 5 39 28
32 33 8 14 17
18 18 38 34 37
37 27 15 28 35
6 47 36 21 48
31 29 50 17 39
20 33 45 10 12
15 46 31 14 1
30 5 11 38 30
32 50 3 25 32
49 15 41 5 17
19 5 28 3 44
31 1 10 47 27
5 1 6 32 7
23 14 6 7 24
23 44 50 22 16
5 45 29 44 10
26 39 33 11 7
45 7 39 7 8
27 35 13 38 33
29 50 9 32 11
24 37 43 9 20
48 6 22 12 30
40 42 21 25 37
34 18 39 29 48
26 26 40 2 47
21 25 7 47 2
41 14 33 21 24
5 13 40 5 24
36 37 42 25 16
2 33 30 9 30
27 19 40 32 49
42 46 48 44 31
23 18 2 44 13
29 40 17 31 17
32 34 32 46 50
23 35 34 30 20
39 28 45 47 27
4 32 26 3 32
9 13 13 38 2
26 41 3 32 29
27 25 32 34 5
41 47 20 15 47
29 50 25 2 18
48 11 10 9 23
44 42 21 30 25
41 48 24 16 37
48 5 29 20 16
6 30 19 40 12
8 12 48 41 42
44 35 40 31 43
34 49 2 15 48
32 26 21 8 4
36 27 22 48 34
1 30 44 42 46
35 8 50 24 31
21 46 2 42 33
18 37 23 16 3
46 33 29 31 27
40 37 25 20 28
29 14 9 21 46
22 44 42 18 9
9 15 19 16 5
50 12 23 5 37
10 50 46 44 45
33 14 13 17 11
15 44 36 31 45
38 20 11 41 15
47 44 5 46 34
9 6 28 8 48
4 24 9 24 9
24 19 11 46 42
40 42 35 44 27
35 25 26 3 40
31 21 38 2 42
38 9 37 26 15
6 47 19 33 34
18 42 44 37 10
32 17 11 8 12
47 43 32 24 16
40 29 40 45 4
18 32 18 35 42
17 19 20 27 23
27 11 23 21 29
6 46 24 7 25
2 34 30 13 20
26 24 2 5 48
38 38 33 14 4
47 48 16 44 18
10 38 9 36 5
35 14 16 12 15
38 29 34 22 7
2 9 31 38 18
11 41 9 17 50
18 33 12 22 17
32 37 21 28 47
25 50 18 16 18
32 44 42 11 40
17 25 25 5 6
29 21 21 49 30
11 21 11 18 49
29 9 46 3 39
24 35 27 44 40
44 47 32 45 16
26 50 31 25 28
45 25 17 8 33
5 12 28 1 8
13 35 43 33 7
29 38 8 24 13
37 22 28 18 3
50 5 33 37 37
28 38 30 40 22
8 13 34 28 19
31 22 46 40 49
8 25 14 31 32
48 10 37 40 17
20 20 8 31 44
38 45 39 42 25
12 22 37 4 50
43 34 7 23 20
8 47 44 23 5
23 36 11 48 3
35 42 17 11 35
7 13 16 9 37
21 17 49 7 25
46 37 8 21 38
18 40 29 10 32
29 35 39 36 32
41 9 8 48 9
18 17 25 27 6
43 40 29 20 42
49 3 31 21 10
9 12 50 31 44
2 3 19 16 4
32 12 45 50 17
42 44 2 21 14
47 15 22 17 7
40 13 12 10 17
8 35 21 48 8
47 25 35 4 1
4 34 1 24 28
12 17 34 15 15
33 7 31 23 19
22 36 49 2 6
3 5 23 24 16
24 43 49 46 43
25 5 33 48 49
36 37 50 37 3
8 44 29 30 1
40 12 44 25 31
9 10 45 32 21
26 26 29 23 10
20 34 41 21 11
4 31 14 17 28
41 26 2 4 44
44 29 33 39 26
19 38 2 33 30
18 18 39 7 7
37 49 14 4 23
14 8 32 50 48
34 32 21 9 39
13 41 35 38 39
33 19 2 41 9
