30 15 5
1537 1583 858 961 1119 1167 1336 1957 656 1500 1315 1238 1096 1333 1019 1824 530 1589 1859 1492 1441 603 1114 667 1359 1332 1787 1747 1047 616
1541 1291 1833 1009 973 1040 1524 586 1403 882 1065 1164 1041 620 604 830 1319 1138 1011 1464 1285 1954 605 1622 1861 1292 789 1709 715 1343
14 29 14 28 7
20 17 24 13 9
13 19 21 30 15
10 10 21 14 18
24 25 12 15 30
10 29 6 22 15
21 18 26 27 24
30 12 25 10 22
11 8 29 21 30
16 17 26 29 6
28 12 7 23 12
7 23 26 18 8
14 18 16 12 25
24 22 26 14 12
24 13 23 9 30
22 28 20 27 16
17 18 30 8 25
28 11 8 24 9
13 8 28 6 26
16 14 29 18 21
20 6 21 21 16
27 6 28 27 22
13 20 20 13 19
5 8 28 22 9
26 25 25 21 30
14 17 29 15 13
13 18 15 16 7
8 26 23 29 10
5 7 24 22 10
24 12 8 25 9
183 142 63 20 160
134 197 65 95 66
35 179 121 126 200
112 52 32 61 183
136 95 149 112 129
167 155 86 105 54
66 99 55 151 105
120 112 175 32 129
61 178 132 147 151
194 198 52 108 41
107 97 105 110 110
63 171 91 66 39
26 198 143 62 57
147 121 180 44 147
48 87 139 174 66
87 79 25 7 50
72 41 38 24 33
13 85 42 69 50
54 12 8 28 68
62 37 50 62 57
79 47 18 28 19
19 39 29 59 30
43 40 84 13 30
17 72 46 65 82
51 56 24 56 22
26 42 47 40 27
21 45 32 32 13
6 100 51 32 33
48 65 61 15 85
23 28 70 97 17
33 28 45 39 19
22 6 40 27 36
32 1 4 20 16
12 42 48 20 19
27 24 22 46 32
32 9 19 24 28
32 11 47 45 50
29 10 38 5 4
5 34 6 3 26
35 12 13 28 10
14 31 42 4 3
2 13 46 34 35
46 5 35 31 17
9 13 14 3 25
5 27 26 9 47
25 47 24 36 7
45 49 32 38 29
6 27 33 19 25
19 34 38 10 21
21 32 6 39 49
8 22 16 9 36
25 43 21 19 36
22 37 38 6 2
12 29 37 11 46
39 43 3 43 3
17 37 28 15 3
6 4 12 30 35
22 19 25 1 16
35 24 46 25 30
31 11 12 33 48
48 8 36 16 49
49 36 13 31 46
45 17 48 42 20
44 2 40 34 23
42 35 42 27 10
16 13 1 11 19
29 12 1 2 25
7 22 7 50 1
17 43 3 10 14
42 41 20 45 13
1 48 29 39 45
50 14 32 16 10
2 33 6 10 32
5 3 8 5 15
43 35 9 23 43
39 12 27 14 42
13 7 30 41 23
37 38 36 34 36
23 3 37 6 46
44 38 37 46 32
4 13 31 39 17
16 38 7 25 46
39 16 35 16 21
24 19 6 13 11
47 6 43 24 31
16 8 1 4 37
28 7 18 42 2
35 33 27 25 35
9 47 20 13 9
22 1 12 37 45
34 10 28 26 45
9 25 5 19 31
13 48 45 17 26
28 9 37 1 11
31 12 35 40 6
15 37 12 44 35
43 46 39 29 1
21 17 33 10 40
40 12 20 42 46
7 5 29 43 45
50 46 14 27 23
22 27 23 34 46
8 9 33 46 18
46 6 2 6 40
27 48 11 31 21
20 18 2 40 48
35 49 21 31 28
14 29 31 11 45
39 30 28 44 40
49 35 21 35 40
39 43 35 42 30
38 20 3 30 27
39 47 9 29 16
18 20 14 21 31
35 48 6 1 4
12 45 31 13 20
4 20 32 48 48
3 28 32 10 24
27 45 23 41 3
6 48 17 8 40
13 6 21 7 22
50 35 1 19 45
32 30 6 12 7
39 21 16 25 13
50 10 7 27 46
9 44 32 23 43
10 48 34 23 7
50 14 40 36 47
3 35 6 50 46
3 23 39 49 42
44 39 47 42 23
11 24 18 45 2
49 24 2 34 6
37 28 41 1 40
17 31 18 37 14
50 16 12 10 16
22 35 9 35 22
36 23 24 38 33
36 41 7 40 31
44 8 27 39 4
14 11 42 18 29
44 10 15 27 21
17 36 46 21 9
1 49 41 23 17
40 19 5 41 23
32 42 16 1 31
12 6 35 42 2
27 28 25 17 6
25 3 36 44 22
18 12 6 16 10
9 35 35 22 12
28 9 14 10 26
49 6 20 35 23
12 27 7 5 2
30 7 29 47 48
48 23 2 43 36
32 48 34 43 40
13 31 42 23 14
23 11 19 24 28
5 34 35 25 45
13 40 43 8 19
17 11 25 25 48
38 24 8 22 31
33 13 40 26 7
3 15 30 37 28
28 2 29 33 26
29 31 50 2 39
3 18 27 38 5
1 37 11 1 45
43 6 1 33 22
30 8 35 28 7
40 42 32 41 16
3 22 23 19 16
49 44 47 20 4
11 2 41 8 24
30 14 45 46 14
26 37 34 13 7
13 16 27 10 38
16 25 31 40 49
49 49 49 32 41
7 2 3 50 23
5 6 10 31 27
21 48 48 32 37
6 45 50 43 28
22 48 42 11 16
27 15 37 1 29
16 19 12 10 13
27 33 15 13 38
44 22 4 15 14
40 15 44 35 13
20 1 9 41 18
26 6 15 11 37
46 35 45 1 3
50 25 17 40 50
2 11 49 15 39
11 29 22 40 32
43 33 27 41 50
4 27 18 35 48
26 40 48 44 24
28 16 41 30 27
49 15 14 41 46
22 40 47 20 30
20 14 25 6 5
4 30 26 6 26
44 21 33 32 42
19 7 38 19 24
29 6 38 5 34
47 19 47 15 11
3 23 18 46 27
46 47 28 46 10
45 23 14 31 50
24 7 1 16 9
33 34 18 49 44
20 20 46 50 7
33 26 28 6 48
42 46 29 36 11
24 16 33 27 49
32 21 48 16 43
2 9 37 21 21
40 23 28 9 11
49 43 46 45 48
30 23 13 46 42
28 4 38 30 5
14 3 36 16 29
4 37 33 18 48
2 43 32 47 1
29 11 20 34 42
26 43 33 30 18
37 42 46 17 28
1 30 41 12 26
8 33 22 33 49
23 24 4 13 10
43 3 7 32 12
14 44 48 43 30
39 41 38 22 47
42 35 7 41 27
35 49 5 43 8
32 27 45 9 23
17 16 9 48 47
43 14 42 41 12
26 46 43 27 42
45 18 43 28 24
25 3 45 43 2
7 39 45 20 19
27 17 41 6 22
38 28 22 12 48
36 21 28 45 45
1 7 2 21 25
14 44 3 5 32
45 49 46 15 47
15 40 44 27 36
48 31 38 14 35
26 6 14 14 43
12 8 28 43 12
8 8 30 21 11
28 37 42 8 21
31 31 8 47 49
42 6 6 46 50
46 7 19 10 42
22 3 33 33 40
20 29 5 13 30
1 11 32 8 28
34 6 27 2 12
26 35 32 36 22
34 21 6 25 31
43 50 46 25 12
47 34 28 31 39
46 43 28 19 36
22 22 2 48 28
18 19 1 23 29
32 27 5 42 13
49 24 30 17 35
13 23 28 33 48
35 11 19 25 46
42 9 38 32 1
40 31 47 4 9
22 23 11 30 38
14 8 2 35 48
12 16 22 19 13
30 37 33 18 34
47 27 43 7 13
30 11 16 14 28
46 37 18 13 10
3 4 34 49 47
8 27 33 25 41
16 6 8 50 1
15 22 8 16 9
20 46 10 13 33
48 20 39 17 29
36 46 23 43 23
29 29 10 15 24
28 22 10 19 48
37 44 5 45 30
8 32 49 7 31
23 36 6 15 30
7 28 9 28 1
21 7 36 4 37
24 38 18 3 47
24 20 24 39 15
12 42 3 1 21
35 18 15 20 50
7 28 12 24 40
15 2 8 16 33
16 7 19 7 49
10 47 37 28 46
20 11 10 27 37
4 35 36 22 20
9 45 15 39 50
19 31 7 9 44
45 33 45 4 8
7 28 24 28 36
45 1 3 9 21
43 47 42 28 23
27 11 47 21 5
27 17 18 24 25
50 10 45 46 12
31 43 30 20 39
42 14 3 39 36
3 26 25 26 35
5 27 24 33 19
46 37 2 32 20
3 46 45 11 3
29 39 5 47 27
10 15 14 11 46
29 25 33 37 5
37 36 46 50 9
21 8 46 5 30
45 47 3 25 14
21 2 11 1 10
26 22 6 8 6
27 32 42 19 35
50 20 23 33 38
2 17 14 31 38
9 31 16 10 12
3 34 29 46 4
16 9 13 47 23
44 20 43 9 24
15 7 5 15 34
40 5 28 34 6
44 1 38 11 13
14 11 31 36 25
3 10 42 39 16
31 5 49 34 30
15 35 3 3 43
39 44 29 29 17
1 33 49 24 27
18 39 47 44 9
21 24 11 40 26
6 7 2 29 11
2 9 36 4 18
21 40 1 33 16
12 5 2 22 28
22 46 16 17 49
30 35 11 38 1
35 24 41 2 32
3 48 13 49 39
12 41 34 46 10
38 2 23 44 15
7 34 24 8 26
4 13 5 49 38
45 49 4 32 5
49 21 7 11 43
47 31 31 33 30
46 22 4 14 12
30 29 1 31 20
36 24 9 48 7
48 43 37 2 5
9 16 44 34 45
6 24 22 42 19
42 8 43 11 11
3 11 34 3 43
45 45 32 3 8
16 11 2 35 4
11 32 21 25 31
5 47 36 38 25
32 2 1 45 36
48 2 48 16 39
33 31 13 40 44
15 8 25 50 3
9 26 32 45 24
48 13 28 23 10
24 20 33 27 33
5 47 25 32 45
31 49 41 12 25
13 3 24 18 14
24 15 11 47 24
12 25 23 17 23
45 45 23 35 19
29 28 32 7 38
37 35 21 17 12
29 16 8 3 26
20 11 43 50 9
14 49 43 7 24
7 44 1 9 14
25 5 38 11 19
48 33 41 12 32
13 28 25 17 15
4 14 22 29 13
19 8 3 14 21
32 48 45 21 34
24 18 16 41 45
22 13 10 38 12
4 35 48 44 12
17 45 43 16 17
50 9 34 25 10
26 18 31 11 28
4 36 37 15 11
36 42 50 40 17
9 23 24 33 15
30 42 33 18 41
12 38 25 19 1
2 7 35 34 33
20 14 17 24 22
24 6 28 24 14
13 36 4 43 37
22 33 25 48 28
49 10 29 17 37
50 50 12 37 13
8 49 17 31 37
24 29 48 27 26
41 35 21 9 26
9 18 45 9 46
7 26 24 6 9
1 42 35 12 4
35 48 20 7 18
1 37 10 10 34
21 10 38 26 5
43 43 5 32 24
41 43 30 16 11
7 32 15 9 22
29 30 4 32 17
18 37 34 8 21
4 30 22 49 43
38 40 50 6 37
37 1 18 10 1
31 45 12 33 48
28 12 37 29 20
47 8 5 7 38
11 16 28 30 5
40 11 25 22 36
17 23 47 1 46
25 10 41 37 46
22 5 49 6 14
9 13 41 10 31
10 45 45 1 37
16 14 18 9 26
11 25 24 46 4
22 21 33 25 26
39 37 13 14 19
48 48 37 2 14
8 34 13 11 8
23 9 21 31 25
49 41 33 48 40
48 1 41 8 29
41 16 3 30 11
12 23 1 44 50
34 21 43 31 12
29 27 7 40 4
15 30 29 2 41
50 40 15 21 22
22 11 2 10 18
20 5 38 33 43
17 3 39 18 9
7 45 33 38 40
6 4 39 26 3
18 18 27 10 46
28 4 18 33 47
27 23 3 1 49
28 47 5 18 25
10 32 12 5 50
14 38 12 6 49
27 35 31 36 38
13 43 28 13 25
25 1 18 5 23
18 18 30 22 36
3 17 32 2 43
45 19 28 46 33
42 24 48 15 14
47 11 12 1 42
3 28 50 4 48
