30 15 5
1528 1526 1445 1346 773 502 1771 1500 1648 1889 1929 1911 818 1650 1779 1796 898 1704 533 1766 1318 1664 1541 1044 1423 1263 1512 1989 1065 1625
575 1497 1580 592 938 1038 1933 1319 1059 1497 1324 717 892 1734 890 1923 788 1320 643 1811 635 1038 1218 506 947 1903 1985 993 569 1190
18 7 30 15 25
12 28 22 28 10
20 25 30 10 30
15 22 11 7 7
20 24 20 14 27
28 21 20 18 20
26 30 7 8 10
30 9 27 11 28
19 13 10 26 7
15 18 21 17 13
20 19 17 11 25
25 7 15 22 8
12 18 18 23 30
18 12 10 29 9
25 20 17 7 21
27 13 22 7 23
21 12 29 29 19
6 20 10 16 23
16 14 29 6 17
26 25 19 25 18
13 17 9 12 28
5 12 23 14 5
14 7 27 22 23
15 30 18 13 22
23 24 30 29 29
5 17 22 15 11
26 6 24 17 16
28 20 19 29 30
16 11 15 14 30
15 20 23 24 9
139 66 148 182 51
157 125 32 147 110
25 129 101 76 197
85 121 173 128 60
140 144 191 55 73
113 74 169 69 123
114 189 145 116 89
89 157 147 109 177
136 24 154 82 147
167 161 188 194 169
108 85 33 25 36
55 180 116 147 94
164 155 44 146 54
99 115 58 178 195
138 160 156 142 83
32 16 58 81 19
86 58 13 60 43
15 52 39 43 91
25 28 94 26 26
78 68 87 19 21
43 16 65 34 46
66 113 54 53 47
26 69 77 55 99
72 12 65 36 58
65 59 74 102 42
54 30 13 11 12
23 76 36 61 55
95 37 12 38 14
24 37 16 39 88
68 96 68 36 38
49 47 48 43 35
14 31 1 6 29
42 43 42 18 10
9 41 27 24 2
22 6 50 41 32
11 1 27 48 43
36 6 6 9 30
22 41 9 42 14
37 18 12 45 16
37 13 19 17 32
34 31 7 44 48
50 14 42 28 7
17 46 42 26 44
4 16 5 48 8
29 12 30 44 46
47 20 16 22 7
2 27 7 14 39
40 36 37 41 19
49 9 28 32 43
49 15 47 42 41
13 20 49 23 35
22 36 5 44 50
11 18 2 26 37
42 50 36 46 31
43 48 41 49 1
31 43 33 34 28
34 35 18 16 6
47 21 40 16 4
11 27 39 32 44
30 47 50 6 23
49 46 5 8 7
18 45 39 42 37
6 9 35 34 41
20 47 9 8 22
29 40 7 25 39
1 49 28 15 22
48 42 45 50 48
13 44 16 12 49
9 30 34 6 7
16 13 34 20 37
35 20 47 34 29
11 39 24 41 9
48 31 32 26 32
44 28 40 12 8
3 38 40 1 26
39 48 21 16 38
18 50 41 43 6
47 29 37 7 21
13 34 2 42 13
44 22 18 47 11
23 10 28 45 27
42 5 25 48 44
31 16 34 23 43
12 30 27 8 33
41 34 44 13 49
29 2 29 25 31
16 22 29 40 3
25 6 41 37 14
28 50 32 7 35
3 23 32 23 25
2 49 21 6 10
16 39 34 21 8
7 33 23 4 41
50 34 14 48 15
18 23 50 24 28
25 7 16 26 4
43 6 8 11 29
25 14 23 23 27
17 34 18 30 2
11 1 48 34 22
17 25 8 25 7
49 46 46 24 12
28 14 5 2 18
38 36 32 3 34
42 22 46 32 46
14 50 38 50 7
2 3 46 32 8
49 10 28 42 36
15 44 6 33 12
29 10 19 28 4
36 11 1 43 43
44 44 17 5 49
18 40 20 20 29
23 42 1 17 19
10 49 47 35 2
49 41 26 50 44
15 8 50 9 31
3 21 7 1 17
30 34 37 1 42
22 8 6 10 26
43 15 25 33 48
22 32 3 48 7
47 37 18 31 17
16 31 4 48 6
25 10 14 14 33
34 46 29 14 8
20 10 33 11 13
23 41 40 11 42
36 32 11 27 9
45 38 1 22 39
6 17 38 24 13
16 48 27 25 15
26 8 34 43 32
11 10 16 34 3
27 13 28 10 38
33 42 28 50 34
13 8 19 42 7
20 28 8 7 22
11 17 12 15 17
16 47 6 4 13
38 11 27 18 10
42 34 21 8 42
49 41 27 28 33
21 25 1 17 42
11 35 27 3 21
12 13 48 39 15
24 38 18 46 9
43 27 42 43 28
14 24 27 44 4
7 24 21 47 34
5 6 44 49 42
27 48 39 28 20
34 15 12 49 18
9 25 33 36 17
40 22 47 13 50
30 3 1 5 42
49 17 35 6 31
9 5 18 7 41
26 23 44 26 18
26 33 33 23 37
31 5 23 50 13
1 21 40 26 36
8 4 42 18 35
46 50 19 8 25
50 29 49 31 9
17 30 28 46 29
29 22 10 46 31
4 6 5 5 18
8 44 2 33 2
22 8 17 7 31
31 7 10 26 42
32 10 21 26 38
10 50 21 34 29
17 10 47 2 40
25 34 33 44 11
20 22 23 48 35
32 26 4 33 33
10 40 35 23 50
8 26 44 29 40
34 8 27 8 35
19 3 36 44 24
30 32 5 46 31
11 48 33 46 12
36 20 48 28 37
11 35 22 43 7
10 22 46 41 44
28 12 46 32 3
18 13 20 44 43
39 36 2 33 3
48 17 49 31 5
22 29 37 28 50
17 15 45 44 26
1 7 4 10 14
19 16 25 37 50
24 11 45 29 37
36 28 37 4 30
49 22 2 26 25
2 31 13 36 22
11 11 13 23 38
48 25 8 7 39
16 17 9 4 2
20 49 28 49 32
13 38 5 17 29
26 46 31 48 3
37 43 37 34 23
21 7 6 9 50
16 34 49 42 13
38 46 8 47 40
38 14 19 18 49
49 23 39 6 38
5 5 17 38 43
22 21 39 47 48
30 15 43 8 32
7 1 18 27 6
11 37 9 26 25
36 30 1 21 31
41 24 2 30 2
47 24 30 14 24
46 15 7 24 10
32 26 18 23 37
21 27 34 16 12
34 15 11 6 41
50 8 34 48 37
12 46 37 25 43
48 8 20 46 27
9 7 4 39 26
44 17 12 38 41
42 23 26 46 43
17 31 27 35 37
29 18 37 48 49
47 6 8 10 1
47 47 37 16 2
14 2 41 25 45
7 15 43 29 19
39 40 42 2 42
16 28 8 24 9
6 23 45 13 23
21 20 9 24 33
49 20 49 13 1
2 18 20 49 16
21 1 46 37 20
50 25 38 16 8
1 7 30 13 24
7 3 16 12 27
13 1 30 36 19
42 18 3 11 31
37 36 33 5 31
18 29 18 22 34
10 4 1 6 15
16 13 29 16 42
7 44 10 20 4
15 27 23 32 25
24 13 31 31 15
28 23 9 35 9
34 9 35 22 21
44 43 13 25 8
44 2 1 19 1
15 46 32 47 6
21 20 30 33 6
37 19 36 36 20
17 2 38 14 5
46 48 17 7 40
36 27 23 13 14
35 41 29 4 5
36 2 31 11 28
30 23 35 5 37
31 18 36 8 44
19 42 20 35 47
7 31 42 16 40
8 4 19 43 12
31 47 48 33 12
16 35 43 6 35
48 47 21 5 2
4 4 15 31 33
28 6 37 36 4
7 42 49 47 14
38 18 36 1 44
1 16 20 50 7
46 1 25 6 28
13 10 29 33 29
32 12 12 15 34
18 10 38 22 5
6 26 20 37 40
13 38 43 2 7
3 2 44 2 19
29 25 47 15 19
46 18 23 24 28
38 24 44 39 43
9 46 12 23 46
15 47 21 42 31
38 29 50 32 26
35 11 36 7 41
44 18 39 4 17
10 25 45 4 4
9 3 47 21 7
6 22 10 28 41
4 47 20 42 22
33 28 25 27 24
28 21 24 11 31
3 20 23 18 42
34 49 19 45 42
21 45 24 26 7
29 28 12 26 20
9 5 45 32 22
3 20 30 32 26
22 40 7 48 7
16 50 32 48 6
33 46 35 37 46
23 33 22 41 35
8 6 18 29 49
19 17 16 8 11
24 50 23 35 46
46 31 11 22 49
9 32 12 30 26
9 39 48 6 11
40 1 23 1 50
25 15 47 10 48
14 11 12 42 4
1 48 49 13 44
15 7 7 1 27
32 21 40 17 1
14 22 42 43 38
6 16 34 7 34
44 37 32 23 40
28 50 40 50 5
32 11 45 49 21
42 17 30 23 23
7 4 10 21 19
17 10 26 10 35
47 19 41 49 32
5 34 43 49 1
16 45 50 7 13
4 40 37 18 17
31 21 46 43 41
41 26 18 21 28
4 24 31 24 19
39 18 21 48 46
5 27 39 37 32
38 28 21 14 2
49 41 49 16 26
18 40 7 34 38
21 43 14 46 21
12 29 41 31 7
7 49 39 49 28
29 26 16 24 6
28 35 27 30 46
23 1 15 40 30
11 27 1 5 31
40 37 26 14 1
35 21 16 36 43
1 12 39 13 8
17 15 31 31 16
41 37 11 43 2
34 2 32 3 46
13 23 8 16 48
44 41 13 23 4
46 2 35 38 29
2 3 26 26 9
46 3 30 24 42
1 3 40 44 24
20 8 37 45 38
35 10 2 50 16
14 49 46 27 8
1 14 28 9 33
43 47 17 23 36
21 24 40 43 23
36 16 28 20 50
6 49 24 7 34
28 10 25 6 14
3 10 26 33 31
31 41 20 15 5
36 38 12 41 29
9 32 24 29 5
30 50 2 25 16
50 41 10 38 29
45 44 10 14 23
23 1 35 41 25
41 26 46 8 48
33 7 38 22 13
43 27 22 16 20
23 4 7 34 33
22 29 27 18 14
7 2 5 9 24
13 25 8 10 44
1 18 8 48 46
48 35 5 12 14
9 33 19 49 3
18 29 15 27 7
14 33 21 39 27
49 31 45 11 7
13 10 33 23 37
12 42 38 11 27
45 36 30 38 47
38 36 19 23 48
28 18 49 24 50
50 15 29 48 8
21 40 29 35 45
5 17 16 8 6
6 25 24 23 26
46 16 25 27 5
49 37 49 38 19
42 3 11 7 15
15 39 15 45 32
19 14 48 4 21
21 41 23 10 48
44 10 6 32 45
24 7 45 46 47
42 48 44 16 41
8 2 46 38 11
29 37 22 14 45
43 14 37 36 13
15 33 17 23 20
25 13 1 28 25
49 17 25 20 50
41 13 49 24 10
2 4 31 27 21
50 4 42 48 48
47 5 7 29 39
5 40 22 7 48
24 43 19 19 22
31 36 7 20 19
49 11 16 47 19
24 6 33 28 13
40 21 42 38 32
21 33 2 30 46
20 14 36 48 19
30 50 36 35 41
36 48 42 5 24
26 33 22 42 29
38 6 10 47 23
8 10 17 15 14
48 44 20 36 8
37 31 7 11 37
12 38 42 38 30
12 4 49 24 26
47 24 9 46 9
43 25 1 6 6
11 50 17 4 1
14 38 47 44 3
48 34 3 49 3
26 33 12 27 4
27 9 44 6 13
12 32 25 30 35
23 40 37 16 3
14 29 18 23 23
12 1 3 33 15
23 15 45 42 2
34 48 9 18 38
18 8 2 30 3
7 1 35 46 12
50 24 25 31 39
12 11 8 17 1
8 15 48 26 1
32 15 41 41 34
42 24 28 13 38
26 31 21 26 46
5 27 7 40 48
27 10 20 43 22
12 3 46 16 20
33 29 42 27 26
2 21 29 40 10
35 11 18 47 35
43 19 26 41 27
38 24 24 41 6
1 49 15 37 28
23 31 39 21 46
42 45 40 13 36
7 31 4 11 35
16 49 32 21 11
42 31 9 27 46
9 8 17 21 5
31 11 40 28 1
43 35 27 26 32
28 3 29 16 27
25 11 27 12 44
37 5 49 14 2
6 28 42 13 9
40 32 6 3 30
19 43 33 17 8
6 8 37 29 26
