30 15 5
1338 1200 1949 847 1152 876 677 1657 1067 1730 1660 1292 698 1978 1346 826 997 830 1670 1743 664 1852 640 1960 1567 1979 764 678 1370 1106
1125 1434 792 685 1077 1810 1425 1882 706 1294 1012 1687 888 1468 778 1531 1028 1526 1713 549 1969 758 819 563 771 678 1984 1608 1523 1785
17 21 19 30 27
19 15 13 15 17
7 18 18 16 20
14 29 5 23 30
18 9 28 9 25
27 11 29 28 18
5 10 17 14 26
23 10 14 28 27
29 19 6 25 20
12 17 15 23 13
26 11 23 16 8
6 26 26 25 21
21 29 5 7 29
19 28 27 5 17
6 14 9 23 22
20 10 17 15 22
9 9 26 10 24
21 7 8 24 11
13 25 10 6 8
6 19 11 16 17
11 22 23 13 14
11 29 29 8 18
23 21 5 17 25
23 24 8 30 29
7 10 26 9 13
12 9 14 16 6
15 17 26 5 30
26 6 20 30 12
15 12 27 20 18
6 19 27 30 27
184 22 65 142 44
44 147 126 134 177
69 46 69 33 171
157 192 141 120 62
26 21 173 176 134
131 71 143 195 50
58 146 55 158 191
183 75 141 115 34
98 71 106 126 113
152 156 149 132 106
79 138 179 180 89
174 134 172 104 56
139 29 73 83 128
125 105 77 112 28
181 118 115 119 174
57 8 31 48 15
12 74 35 28 42
21 9 18 14 78
52 51 70 66 13
9 8 49 67 44
71 20 69 46 15
34 87 23 88 64
65 35 73 32 9
43 15 35 47 34
88 72 74 48 33
20 66 89 81 23
62 58 41 33 14
83 7 17 21 68
45 53 18 60 16
50 38 54 51 96
22 21 16 16 7
13 17 29 50 23
1 14 26 6 7
16 40 21 26 8
13 47 5 33 8
26 20 17 20 36
13 6 38 29 1
18 38 5 39 39
14 34 43 9 28
7 30 18 34 29
20 18 26 21 49
12 23 37 2 9
24 49 50 44 18
6 32 3 50 38
11 15 20 15 48
2 13 31 22 46
7 3 9 21 16
25 5 12 20 31
46 26 26 24 8
48 10 23 39 40
13 14 31 15 7
28 44 15 7 23
16 28 15 14 38
32 16 6 21 33
46 23 47 28 1
45 42 49 16 17
35 5 29 25 21
35 39 6 13 32
39 32 47 15 27
5 17 29 6 4
44 10 36 2 37
24 35 18 21 37
6 44 7 14 11
17 39 37 34 6
22 33 45 22 48
30 16 26 17 21
26 8 9 25 16
18 33 44 41 1
20 42 44 13 12
15 7 27 5 3
4 35 21 39 47
3 9 40 38 16
31 9 15 17 13
4 21 38 43 45
7 9 20 4 31
18 26 42 22 12
33 13 45 48 18
22 30 5 50 1
27 49 49 50 23
15 18 3 36 27
34 19 14 24 23
46 42 6 33 20
8 8 35 8 21
35 34 49 10 44
19 3 23 34 45
21 37 33 1 46
39 29 42 37 25
17 5 1 20 33
12 11 16 25 48
13 29 29 9 20
27 19 1 33 40
13 47 46 22 44
14 25 30 41 20
19 11 9 14 10
49 5 28 27 36
41 44 32 8 1
14 14 31 24 49
13 12 27 30 49
19 20 14 38 44
6 21 32 37 30
17 36 32 42 50
6 24 43 20 42
21 16 48 42 40
19 25 1 44 36
26 5 33 50 3
2 46 28 45 14
21 16 25 45 4
5 7 8 50 43
35 30 42 9 10
25 9 29 32 36
43 5 50 21 47
50 25 3 32 47
30 10 10 9 49
33 39 37 23 44
19 44 32 8 39
5 13 45 27 31
26 23 41 39 33
11 40 3 32 6
44 10 13 14 16
16 30 35 14 9
24 41 25 9 42
30 15 41 22 24
10 7 50 38 39
40 8 21 29 42
3 31 45 40 30
4 36 26 27 22
43 13 17 5 19
26 4 30 4 15
19 3 34 11 44
8 9 27 24 1
28 16 7 47 6
11 18 42 7 30
35 29 3 30 46
15 18 46 40 8
12 32 42 5 9
25 16 12 23 29
46 1 8 21 46
21 1 26 15 41
32 6 28 42 35
36 24 19 28 1
36 3 30 22 9
17 31 4 38 36
10 19 16 9 42
39 30 5 46 23
40 33 34 28 37
26 47 9 40 31
50 38 30 40 28
50 48 50 39 11
34 30 48 14 18
42 17 19 45 30
27 44 41 45 21
37 47 20 12 5
35 6 50 34 17
22 11 49 3 33
11 24 36 30 3
20 32 40 21 7
50 12 45 5 27
44 11 25 20 24
37 27 45 31 9
41 35 24 25 50
47 24 13 7 40
17 50 13 37 5
13 17 16 8 15
35 5 49 49 22
12 46 40 33 24
10 46 12 4 16
26 43 19 17 3
30 4 34 28 25
2 12 14 48 31
41 17 7 29 36
39 47 31 47 41
45 18 22 33 36
29 10 37 39 15
26 28 2 35 47
16 37 1 1 28
21 36 33 5 22
45 44 28 22 49
23 9 14 43 11
9 2 35 2 44
50 34 21 41 33
10 42 5 46 40
44 33 8 44 34
9 13 37 16 10
50 18 14 45 14
3 23 30 29 32
32 44 5 9 49
48 4 30 15 50
14 48 27 23 17
35 46 15 32 7
10 32 13 43 29
13 47 44 39 12
1 23 21 12 49
49 16 32 21 45
9 17 34 49 44
1 37 31 1 16
46 20 50 6 6
7 38 39 39 16
3 41 50 45 15
39 25 45 43 29
30 25 7 27 36
25 1 47 49 5
39 11 34 46 31
14 24 47 6 28
19 8 4 13 19
27 28 33 17 19
14 32 40 48 6
36 11 46 11 44
18 37 42 40 31
41 4 37 9 49
14 21 43 2 23
30 2 40 29 2
2 25 44 26 40
19 14 3 18 6
38 41 6 13 35
38 18 47 28 43
10 26 36 42 4
33 5 37 48 6
3 1 26 13 44
44 15 20 37 50
43 8 38 1 28
27 3 24 3 3
16 45 46 32 28
39 42 22 32 2
35 4 16 45 45
15 10 34 20 22
15 6 3 41 3
22 43 14 30 1
37 17 6 27 17
12 39 26 25 43
11 9 30 24 46
2 25 11 41 7
15 19 32 36 32
46 2 49 31 18
24 46 16 27 9
4 10 20 11 42
17 26 39 4 29
5 4 43 34 32
12 46 12 32 45
38 10 12 22 25
14 41 15 14 36
19 40 21 19 22
5 9 46 22 19
5 25 10 13 17
12 20 19 21 28
22 45 24 21 8
12 41 37 35 39
25 16 47 3 35
26 46 16 8 28
19 34 26 33 50
29 24 50 42 9
14 2 23 30 32
45 36 7 16 47
43 27 35 7 26
2 4 34 45 23
2 18 13 41 31
40 8 32 37 1
3 34 24 1 4
20 30 44 46 26
36 37 29 49 50
13 43 11 17 14
40 15 12 46 35
9 11 6 31 28
34 3 6 47 34
25 28 25 11 35
5 35 1 6 25
18 17 31 7 13
44 4 2 25 24
32 19 4 33 33
45 6 2 28 26
36 11 14 4 12
19 45 2 43 16
3 17 24 34 20
22 26 30 44 21
36 6 15 48 6
29 7 15 43 19
13 49 39 38 27
32 9 22 31 4
28 1 36 18 48
15 22 30 16 19
30 28 45 50 21
16 5 33 26 2
11 5 50 15 10
2 37 29 33 32
16 10 32 18 16
21 23 28 39 36
23 40 2 36 4
30 40 41 4 25
46 13 37 29 3
36 19 2 36 22
25 25 22 17 13
30 14 32 49 21
2 46 45 44 22
25 44 22 21 43
18 37 35 30 45
17 28 46 39 46
49 26 24 44 49
29 14 39 17 44
43 40 10 11 40
24 28 31 35 29
33 7 17 18 13
32 12 46 44 2
48 13 46 13 40
2 39 47 45 32
30 26 7 32 25
39 23 42 44 36
21 42 6 33 8
19 8 44 13 28
31 28 48 31 19
42 25 3 38 47
17 15 23 46 48
7 8 28 3 20
22 3 41 30 35
6 14 34 20 25
42 14 39 3 33
25 32 43 11 35
32 8 30 43 38
25 43 11 50 41
14 44 38 28 29
4 33 46 13 37
23 18 43 33 41
50 17 40 37 21
3 31 14 24 50
5 2 34 35 15
12 33 24 31 13
48 37 26 24 19
37 21 44 42 17
12 16 46 21 23
34 9 10 49 8
13 39 28 15 15
7 48 9 49 18
32 21 41 22 30
8 38 23 49 7
31 20 17 21 45
46 32 38 31 29
48 20 39 22 36
49 11 33 17 12
8 19 14 26 10
13 22 48 14 31
30 36 4 15 27
6 31 8 8 39
35 1 21 14 21
9 24 42 40 22
4 19 24 17 20
8 37 36 1 22
30 5 20 7 31
29 3 34 41 3
36 45 50 32 4
16 1 17 16 26
12 19 19 47 34
19 32 46 21 2
35 10 20 1 21
28 23 19 3 11
5 22 19 49 32
38 15 45 26 3
19 2 16 48 38
19 23 2 23 43
36 20 14 20 26
16 22 13 9 22
39 49 17 27 41
48 1 11 35 10
28 48 34 13 11
3 39 24 45 32
12 25 31 49 45
20 41 29 18 45
18 14 49 27 42
19 20 10 20 15
43 42 17 35 25
37 50 36 27 42
11 23 10 11 9
40 7 10 4 16
46 6 19 38 38
33 38 3 5 11
28 46 37 40 23
23 17 39 5 30
19 45 48 3 20
24 8 39 12 27
33 28 21 8 18
20 39 40 26 5
29 1 4 38 47
22 49 17 15 2
38 17 50 16 36
43 22 44 2 46
42 41 25 42 6
12 10 28 4 4
50 45 3 43 29
13 49 22 37 9
47 18 11 24 49
12 31 34 39 28
39 6 32 49 10
39 17 4 25 42
25 22 27 34 47
42 39 42 24 3
7 31 17 14 28
9 49 2 38 39
11 11 28 37 12
4 20 16 35 20
13 11 26 19 41
7 5 24 22 36
28 31 4 6 11
20 7 6 7 22
4 15 22 13 38
15 5 8 49 34
2 8 42 34 48
33 17 21 37 46
5 44 32 7 7
35 48 21 4 30
1 47 20 6 11
25 40 13 7 23
34 41 17 41 14
36 38 44 30 46
27 44 37 14 5
30 40 22 16 34
38 4 3 26 47
3 47 7 35 25
4 36 22 6 2
7 21 18 5 7
9 37 28 27 15
3 49 6 11 18
26 30 38 37 35
19 29 50 12 5
28 17 10 10 3
2 24 20 40 2
19 20 44 12 26
20 14 39 2 37
36 30 39 41 14
5 14 4 45 38
7 16 15 12 26
40 4 40 16 4
16 4 27 32 13
49 11 13 12 49
34 8 39 46 44
21 7 30 41 44
33 11 9 40 43
23 14 5 36 11
46 32 15 17 14
5 1 36 47 23
25 24 18 27 16
40 19 13 24 30
17 3 27 16 21
4 29 23 22 49
30 2 50 6 34
48 5 7 23 20
7 30 12 27 3
24 32 21 14 31
17 24 1 37 46
1 43 45 26 7
23 23 44 8 29
50 44 42 10 30
50 32 31 50 11
11 28 24 24 21
43 30 14 24 47
39 33 7 7 37
33 12 13 9 47
33 29 7 23 45
17 42 7 45 45
48 11 13 2 17
38 19 13 34 24
47 28 11 26 41
17 19 1 19 6
37 33 10 31 43
16 46 7 29 38
20 11 49 8 4
7 11 42 17 9
41 3 1 14 41
10 50 32 16 29
49 38 30 13 11
34 14 9 32 29
36 47 6 13 43
7 29 6 38 6
17 20 17 46 37
28 49 11 26 15
43 5 42 17 33
19 48 7 37 39
34 47 28 29 24
2 32 29 6 44
41 48 10 35 48
7 34 34 43 37
31 15 10 18 43
24 42 41 46 40
15 19 24 12 21
