30 15 5
1532 1470 1987 1684 1104 1438 1267 1787 849 997 991 608 1359 1222 1949 903 1686 871 1994 1845 1818 1588 1316 1260 1599 1628 579 1272 622 1850
1163 1727 585 638 788 1482 706 1658 726 1504 921 1592 1248 1730 1570 1641 637 792 1910 1627 1310 948 1961 1468 1219 1902 1920 1238 1363 1186
23 25 9 19 24
21 28 12 14 10
8 15 19 18 29
19 23 30 18 16
17 20 22 8 7
28 18 16 13 25
13 20 29 23 8
9 7 24 10 29
12 18 11 24 15
23 25 11 27 5
18 10 10 7 20
22 12 6 25 5
13 13 29 12 9
30 23 18 15 24
17 7 19 15 29
23 15 7 30 11
16 11 27 17 14
9 18 19 11 13
5 17 8 24 25
26 19 23 10 27
11 10 7 26 18
17 20 16 18 13
28 24 26 11 23
28 21 26 16 8
16 13 24 16 5
14 17 23 27 22
23 21 16 23 18
24 7 13 13 30
10 15 7 13 7
13 29 23 30 9
89 117 176 58 173
100 111 168 193 64
29 142 192 51 195
141 159 91 192 181
167 162 56 143 59
162 101 97 90 61
52 190 103 184 106
41 197 106 170 75
176 79 124 160 174
84 37 171 123 171
113 166 57 98 48
151 153 78 174 159
101 196 42 169 120
198 61 174 51 158
81 132 67 36 138
32 40 75 26 40
48 45 44 112 21
12 76 46 22 104
67 68 22 113 76
57 64 24 37 14
50 28 37 25 14
24 67 41 46 24
21 41 48 78 40
64 41 44 94 103
25 20 41 25 66
26 69 33 49 10
81 39 22 50 91
51 98 18 66 59
104 33 94 25 33
28 61 17 16 81
10 18 43 13 21
17 16 38 24 45
38 47 35 30 29
4 34 29 23 19
47 5 43 46 42
2 38 11 19 16
10 23 46 47 13
43 16 31 3 18
7 7 49 40 48
1 50 24 39 23
32 50 28 37 17
50 22 33 23 26
2 15 40 18 31
28 21 9 44 49
9 3 18 6 40
8 44 45 48 48
16 46 35 12 14
44 26 40 24 40
37 24 8 12 19
2 11 2 47 3
2 36 42 16 46
43 9 39 50 32
3 1 50 19 25
16 41 21 39 15
17 40 14 33 16
22 43 5 1 35
31 46 34 42 35
4 34 10 29 35
16 29 10 48 6
12 28 44 11 10
11 32 11 40 42
50 28 28 28 8
23 22 4 9 11
19 22 20 15 35
26 12 42 37 17
36 1 39 41 23
22 31 38 38 16
35 19 45 42 50
42 9 45 40 50
18 29 39 9 28
47 42 46 6 27
26 14 47 50 28
15 7 44 24 13
23 29 25 6 45
42 10 15 44 39
21 24 20 35 33
16 39 46 36 1
27 31 27 3 5
17 21 12 23 26
50 37 4 18 27
30 16 4 28 14
50 39 17 17 40
24 8 44 19 12
3 25 16 9 49
34 17 36 30 32
46 22 8 17 25
35 31 29 7 35
14 21 45 49 14
18 46 7 34 23
24 44 2 18 8
25 7 11 15 15
31 36 9 42 36
23 30 18 19 47
7 20 34 13 31
15 24 9 5 19
7 50 2 10 39
46 34 18 44 29
27 37 43 43 15
30 33 41 45 10
39 33 33 10 36
8 47 48 33 39
31 25 24 19 39
20 37 23 45 28
26 21 8 1 24
36 15 37 39 6
11 35 16 6 4
40 37 5 20 17
19 5 2 43 22
19 2 41 50 24
5 27 17 48 25
45 31 45 39 50
50 13 45 18 14
30 16 49 49 39
12 7 47 11 37
3 1 16 29 33
1 16 16 9 38
40 47 1 14 2
13 46 2 7 12
13 46 23 2 20
5 21 12 26 36
33 33 50 36 23
3 26 20 1 29
50 21 28 43 20
43 27 2 4 24
41 42 3 3 49
8 6 36 24 39
2 7 8 27 2
23 42 30 26 35
44 4 34 19 6
26 34 35 9 48
46 14 40 35 36
28 35 38 40 22
49 19 21 6 32
14 32 14 26 31
12 9 28 27 34
4 40 5 12 29
30 2 38 9 39
2 44 18 5 47
40 35 1 43 37
38 34 35 44 19
49 24 6 49 22
41 21 7 24 48
14 34 14 7 46
2 39 21 6 16
36 18 7 49 5
18 10 18 2 36
35 32 23 48 5
18 10 26 33 25
26 38 42 34 3
14 31 48 24 31
12 43 29 17 36
34 23 46 2 9
14 18 31 33 33
19 35 11 38 48
2 34 6 46 10
2 41 47 47 38
14 21 16 37 17
40 22 41 19 2
16 28 49 23 49
11 31 28 1 5
2 42 28 44 6
13 12 42 50 34
40 45 38 2 40
33 32 22 3 32
7 32 40 29 5
6 26 29 5 25
28 13 23 25 50
20 16 49 10 28
16 7 34 40 35
34 2 19 50 23
40 12 12 3 19
29 30 28 32 23
45 18 15 17 39
5 19 8 13 6
19 8 13 41 33
25 49 34 29 19
48 32 25 13 19
10 31 33 32 6
26 28 11 37 41
43 11 47 42 21
8 45 31 14 21
37 39 6 18 25
49 22 2 26 38
7 30 15 35 40
7 12 49 40 29
36 50 23 50 40
34 5 33 34 14
2 49 33 23 33
33 41 11 23 49
36 43 47 8 12
28 29 18 35 1
34 9 9 2 36
49 42 36 1 32
13 35 11 2 20
12 16 41 41 17
17 22 46 45 47
4 28 4 39 12
2 10 8 38 37
47 44 11 32 5
22 40 47 33 35
43 39 18 20 7
7 7 6 31 35
40 27 21 39 15
47 29 43 12 44
9 31 1 43 46
29 6 36 7 46
22 50 44 25 50
6 40 22 29 14
42 23 26 43 40
8 25 41 4 33
40 44 19 43 30
49 46 21 50 46
23 10 50 45 18
1 37 39 7 22
11 39 18 20 36
46 43 15 31 14
48 1 45 47 12
36 40 17 19 8
12 36 32 16 23
41 8 30 44 1
22 6 29 29 25
5 31 33 6 42
18 43 18 50 10
25 39 49 19 44
29 23 1 30 8
1 28 14 49 45
41 43 20 27 8
7 32 29 33 27
37 24 9 45 47
30 11 4 38 15
32 28 8 6 39
5 50 45 34 20
8 34 28 18 15
50 10 25 47 3
33 49 19 23 44
34 37 36 38 21
44 48 45 17 23
48 7 29 43 40
12 26 29 8 4
41 2 23 17 23
40 36 14 45 48
47 17 32 19 15
10 14 28 4 13
3 32 20 2 49
44 42 13 11 10
17 26 37 49 31
43 49 45 12 14
7 31 10 13 29
23 19 9 22 31
36 16 15 49 7
35 47 27 50 10
17 19 27 40 35
16 19 7 36 28
42 30 24 49 33
33 50 39 42 27
3 17 35 17 6
18 26 34 22 25
9 5 14 10 22
31 3 10 4 5
4 19 12 28 11
7 34 33 11 17
8 14 40 35 48
35 6 12 29 31
17 25 41 43 2
37 26 7 14 4
39 4 22 50 10
44 14 49 12 7
37 2 40 48 16
40 34 49 21 13
30 45 19 27 28
24 21 19 21 2
46 33 47 18 31
25 11 37 37 34
30 37 31 28 31
24 9 21 2 16
36 35 3 19 8
32 37 34 24 36
18 31 2 18 1
35 7 25 43 31
3 25 48 44 27
23 4 3 34 38
18 29 10 50 24
16 16 10 45 4
28 6 7 36 22
21 22 31 24 19
37 44 19 26 24
34 9 5 25 32
21 30 39 11 47
40 42 17 36 35
10 7 48 47 13
5 36 24 38 40
7 42 32 45 1
47 35 17 19 40
3 29 4 38 5
15 26 22 45 45
44 14 44 45 35
37 19 2 37 41
6 30 45 40 34
32 37 30 7 19
35 47 34 25 45
34 38 44 45 33
13 34 37 35 4
9 16 33 2 13
30 27 11 48 50
40 34 19 28 1
37 44 43 17 19
30 40 39 34 44
21 45 43 5 26
34 22 37 4 32
16 36 15 11 42
29 10 3 21 24
23 30 32 29 41
43 8 8 36 5
1 12 25 46 10
29 20 5 44 23
32 33 35 9 24
42 12 20 5 5
17 48 25 4 45
26 2 25 9 29
41 39 17 4 45
29 37 8 34 22
34 50 7 30 25
47 19 8 49 17
16 7 23 14 41
2 16 50 22 16
48 44 41 49 38
18 33 9 3 47
28 13 14 37 18
10 5 32 39 38
45 15 2 11 13
8 18 26 50 7
12 44 5 11 39
21 25 47 15 24
34 33 8 27 27
42 44 11 35 25
32 30 31 5 2
46 27 5 38 3
40 47 6 48 3
45 19 21 23 30
1 44 2 2 36
28 33 38 2 2
11 25 34 11 7
34 22 44 41 44
6 5 8 12 40
5 13 31 34 40
41 41 19 29 1
32 36 1 25 26
31 34 9 49 34
38 37 29 11 22
45 48 11 38 22
26 14 8 5 1
23 1 43 32 27
1 19 43 18 37
27 18 8 34 32
7 21 40 8 43
7 17 1 33 29
49 10 18 13 41
32 10 36 6 45
46 29 31 50 36
8 39 9 10 19
36 29 38 31 38
6 18 6 29 29
30 9 44 11 24
5 31 6 42 36
27 36 40 29 17
23 50 21 11 18
30 23 26 17 19
47 50 42 38 5
11 19 44 13 9
45 10 9 10 34
46 36 36 25 30
30 44 12 50 33
28 36 18 36 4
38 27 37 11 8
2 41 37 21 22
36 20 18 2 29
29 8 44 37 25
5 42 18 7 37
18 39 49 13 31
3 14 3 12 25
7 20 41 24 24
5 18 40 25 39
26 1 5 31 37
5 22 50 3 42
30 39 1 19 15
13 24 44 42 50
20 47 6 41 17
6 27 35 48 5
31 30 38 17 35
28 32 19 5 45
49 1 18 17 48
9 13 50 32 9
19 14 15 34 28
11 32 25 10 48
45 26 20 14 10
38 26 26 16 34
2 14 27 31 17
47 20 9 7 2
5 34 32 6 11
46 7 9 33 12
33 29 31 12 49
7 8 15 36 47
26 40 21 23 49
42 29 33 29 18
44 4 37 23 39
49 25 6 24 27
4 48 27 34 14
23 2 19 6 45
37 30 18 8 38
38 47 40 44 13
12 16 12 25 23
32 22 29 42 35
19 10 45 34 30
14 39 14 25 18
34 16 29 42 3
12 36 49 37 21
29 28 25 48 20
31 18 45 24 44
36 3 45 36 43
32 45 25 3 24
36 45 29 27 30
17 47 43 30 24
19 31 33 18 21
20 27 7 15 13
24 34 45 38 4
12 37 21 4 26
18 49 12 26 1
44 24 24 16 14
13 32 3 29 34
36 5 26 23 13
11 4 13 41 23
43 18 43 19 45
8 39 45 1 34
10 21 19 6 12
6 8 24 39 20
18 6 42 49 5
23 40 40 7 11
3 39 30 28 29
5 26 43 37 4
21 13 9 7 26
34 5 44 16 50
18 14 38 23 14
32 15 44 25 39
37 37 20 42 45
12 37 23 44 4
19 37 41 4 11
47 27 35 39 4
6 40 18 19 41
36 19 21 9 9
21 17 3 43 15
2 46 36 37 24
23 13 16 18 21
33 38 44 31 1
17 45 6 1 43
8 7 20 22 29
17 48 46 17 25
27 26 12 42 19
31 9 37 1 29
49 29 12 32 18
1 15 4 46 9
46 49 22 49 16
39 35 50 16 17
35 45 32 21 11
33 10 25 16 1
18 48 37 1 2
24 17 21 29 34
38 25 29 4 13
14 42 29 29 28
16 24 11 40 10
50 47 28 39 6
42 37 21 18 24
14 21 34 19 4
39 47 49 24 40
47 9 11 40 4
29 29 3 22 41
47 46 17 37 28
18 28 9 9 27
44 26 18 28 27
23 36 42 15 15
38 4 44 47 38
