30 15 5
612 601 1597 962 1216 1601 1552 1028 771 1310 1363 1938 1757 1334 1655 1837 1192 1047 1330 1053 508 689 916 1910 1338 962 1747 1211 1366 1705
1997 1796 1810 1101 1491 1451 920 1839 900 1539 1378 1308 1700 909 1310 1493 1421 1335 1199 1721 608 1651 1307 521 921 831 1731 596 1541 790
24 5 15 13 29
14 22 6 29 30
23 6 10 25 6
26 14 19 16 29
16 7 7 26 27
13 8 26 22 20
7 21 9 14 17
6 25 14 8 26
14 5 21 29 25
23 7 12 19 27
26 21 15 19 6
15 7 6 19 20
28 5 16 27 28
26 14 26 13 14
17 12 14 22 23
29 14 28 23 18
9 21 26 28 30
16 12 12 6 8
9 14 14 26 20
6 22 16 14 6
9 9 14 9 22
19 29 18 7 20
11 16 17 15 16
24 12 9 13 21
17 25 11 13 13
8 24 8 11 18
7 9 7 26 27
22 11 10 23 17
12 13 12 17 8
29 12 12 9 18
147 92 66 77 118
42 189 124 109 130
37 22 108 135 56
200 68 136 143 188
47 116 80 71 128
190 113 162 147 186
55 30 147 186 183
172 132 26 44 181
179 93 54 173 49
47 169 140 32 169
156 33 138 189 187
72 25 161 123 153
91 67 188 173 65
119 46 32 70 91
153 71 66 140 50
71 22 37 19 63
17 102 44 28 56
18 10 59 51 27
98 34 65 34 100
13 59 45 16 62
83 67 74 32 68
33 17 62 78 109
91 31 10 17 93
38 21 12 78 26
12 53 59 8 70
53 17 67 64 97
32 14 93 71 70
39 35 45 50 33
59 13 10 41 44
36 24 24 79 13
42 43 30 24 13
41 38 6 25 6
1 30 23 18 42
19 26 6 40 20
25 13 7 30 7
42 19 40 48 47
34 11 50 40 4
36 3 24 44 36
42 24 32 36 21
44 46 7 29 31
24 5 29 10 19
39 44 19 13 12
37 13 7 2 40
10 28 21 48 50
33 4 8 10 44
30 47 7 44 41
11 30 41 33 7
6 16 13 27 9
13 6 11 33 27
14 22 45 40 48
35 25 17 19 27
37 43 5 22 11
9 37 26 29 17
27 43 42 3 31
33 20 11 44 35
11 40 14 22 3
47 3 3 9 40
21 16 19 45 10
9 43 27 26 38
25 25 39 23 33
16 40 13 32 34
12 40 39 13 21
9 42 5 36 1
49 4 3 17 40
19 15 46 11 4
41 18 1 43 20
20 50 40 46 50
45 38 27 26 35
11 13 5 3 1
44 44 10 49 15
5 1 33 49 21
25 39 5 2 29
25 15 9 14 40
30 7 30 42 50
41 9 46 11 41
6 7 20 10 4
10 45 34 1 32
42 5 3 33 6
2 16 33 39 14
47 45 33 37 41
32 6 18 15 17
45 21 9 4 43
17 8 36 33 34
25 26 9 46 25
48 24 47 36 1
38 33 25 27 29
49 22 2 19 46
45 41 40 40 4
14 13 4 35 38
20 33 15 23 1
39 2 8 23 4
46 45 38 6 36
40 21 50 33 10
20 41 21 29 49
4 17 49 10 13
4 15 15 46 43
33 2 4 45 48
34 39 34 21 8
15 17 14 32 26
45 40 47 2 42
36 13 26 1 48
30 35 5 31 3
48 45 3 50 31
41 1 6 41 32
41 50 12 8 6
29 5 3 25 14
30 19 4 36 41
35 22 17 48 25
15 29 28 40 29
9 28 16 40 10
24 30 46 18 48
13 17 12 26 25
36 29 23 33 39
18 27 33 28 37
16 23 35 47 46
3 2 26 12 19
26 44 44 12 19
46 17 13 12 28
13 24 44 34 41
32 44 45 18 28
2 13 48 23 48
11 48 30 24 47
18 3 6 35 23
1 50 34 23 14
17 18 48 38 11
35 11 16 6 29
5 41 49 41 14
49 30 29 24 22
37 47 21 34 31
46 30 16 46 1
19 31 29 31 50
23 35 6 40 16
32 33 28 28 47
28 41 1 11 32
13 41 35 6 43
11 43 48 14 34
9 36 34 6 31
12 8 50 36 30
17 6 45 46 49
6 48 39 25 32
7 29 16 24 48
22 39 40 39 29
17 13 20 28 27
13 32 14 35 32
19 19 10 39 20
23 18 31 36 18
34 37 38 39 1
27 38 19 47 2
4 34 49 33 17
21 2 21 29 20
44 14 26 33 17
39 45 33 44 36
38 22 13 3 23
31 9 39 13 22
21 32 40 3 25
2 29 17 31 1
33 45 28 3 11
36 44 39 7 1
5 25 29 27 46
38 50 44 20 30
38 26 37 25 18
14 18 25 25 3
34 29 9 38 27
17 23 5 10 16
23 47 16 15 24
40 25 22 43 18
25 24 19 41 18
46 46 27 23 35
20 18 7 4 20
14 3 2 4 48
2 25 20 46 2
35 23 29 4 50
16 35 47 41 32
3 41 11 27 29
17 23 3 29 20
49 4 3 11 1
7 39 14 32 14
20 22 44 1 38
25 10 45 45 2
18 24 10 47 20
15 19 35 18 3
19 45 34 10 40
8 21 16 46 1
2 48 9 21 42
16 9 8 3 31
34 10 4 25 14
39 28 28 3 12
30 26 27 18 20
22 14 50 16 12
22 14 2 21 36
19 3 6 9 30
3 45 6 15 15
15 32 4 5 16
42 16 29 44 48
12 3 36 21 22
30 34 24 12 32
2 14 47 44 50
34 46 39 25 34
31 16 12 21 32
43 12 8 26 49
41 49 50 45 45
33 38 31 32 34
41 16 31 4 34
25 27 14 22 11
29 5 8 26 40
23 18 23 26 3
17 12 36 10 44
29 30 13 40 36
10 41 37 16 41
4 18 6 37 17
32 13 39 9 32
32 49 15 48 43
28 22 37 2 16
5 45 26 21 17
5 27 22 2 28
29 22 5 22 14
34 14 28 46 37
39 24 20 48 1
38 45 9 18 41
48 33 8 7 35
9 28 29 8 48
41 26 46 16 30
50 35 10 2 37
32 21 43 49 2
19 41 30 15 21
34 49 48 24 14
39 18 47 25 40
49 44 42 45 39
36 12 9 44 27
48 31 43 39 33
26 44 48 6 40
27 4 43 1 46
50 10 36 17 50
22 18 4 9 27
46 50 42 6 25
7 41 16 44 14
34 8 41 9 31
29 26 38 27 23
16 50 25 1 34
8 14 48 50 40
36 15 41 14 25
18 33 47 21 34
9 8 37 29 44
4 7 30 35 4
41 11 11 2 49
9 18 12 50 13
29 33 1 50 2
14 49 24 24 30
17 45 44 1 30
35 19 50 39 19
2 10 49 24 9
24 30 43 18 23
50 49 40 3 17
30 28 33 25 12
35 9 7 49 50
9 41 31 29 4
30 5 38 29 3
48 22 44 45 3
43 50 29 50 16
24 19 13 38 41
13 38 5 22 1
20 32 25 34 7
14 21 2 24 46
29 36 8 48 10
26 7 37 34 26
20 47 40 29 24
5 32 17 23 41
16 11 22 42 19
24 31 8 17 3
22 16 4 19 18
29 21 17 16 43
42 29 34 1 48
24 38 35 24 29
30 4 34 43 50
26 38 46 2 5
27 42 5 6 1
7 16 14 8 42
40 44 4 30 1
7 26 17 37 36
16 26 29 21 49
32 48 44 30 37
42 50 19 43 42
29 28 33 25 43
27 36 9 25 8
22 40 13 22 11
30 19 15 49 26
21 34 16 47 11
43 9 21 19 32
48 9 8 5 12
27 41 11 14 38
8 47 18 5 44
6 12 33 4 12
43 35 23 22 48
35 33 16 41 27
2 46 7 21 4
2 1 12 34 18
4 44 39 42 33
32 49 1 38 19
18 30 12 41 14
1 7 20 5 42
2 1 5 35 9
48 17 19 41 46
13 50 25 34 41
36 41 21 26 11
14 33 44 26 15
34 2 10 41 19
37 22 40 49 47
40 43 31 26 2
30 34 50 25 21
23 30 34 31 38
4 10 31 27 11
22 22 24 8 46
20 8 35 34 42
20 2 27 29 14
36 21 44 29 5
12 6 23 22 46
5 13 3 37 32
22 40 38 29 9
31 22 11 30 14
22 9 50 40 5
36 7 5 47 30
1 2 14 22 14
19 27 46 17 18
35 47 23 9 24
3 3 39 1 50
9 20 46 10 33
18 7 2 31 6
32 44 41 40 7
30 47 32 43 31
17 18 19 5 2
21 47 18 30 19
18 25 20 37 13
13 50 5 48 48
28 1 45 11 17
29 44 22 24 46
22 22 19 12 44
46 42 11 10 3
18 8 22 21 31
20 35 34 15 42
44 44 5 49 21
36 32 41 18 3
44 23 6 30 23
13 1 38 46 14
26 12 28 4 6
14 31 10 17 27
15 14 9 47 46
19 19 14 50 42
9 27 10 11 49
1 21 5 22 4
50 1 18 5 25
34 5 34 39 20
8 45 3 10 50
37 17 23 26 6
30 22 6 19 33
20 7 47 29 3
16 9 15 8 38
13 38 34 32 48
20 36 41 5 34
26 18 46 48 36
23 9 36 37 20
19 20 43 15 36
21 23 20 47 15
30 27 25 4 24
13 43 6 32 40
26 32 30 34 29
13 3 1 35 2
31 35 41 47 30
20 9 27 11 36
3 20 32 26 31
15 33 44 16 15
23 10 44 13 48
44 20 7 47 50
49 2 25 20 6
32 41 36 43 19
21 22 41 40 41
10 17 9 21 23
34 38 46 19 7
18 25 9 48 30
13 10 47 30 6
9 21 23 49 22
18 28 4 15 31
27 29 44 2 8
35 13 10 50 29
50 15 7 13 37
12 36 23 17 45
23 12 41 11 38
30 6 20 41 30
22 34 8 18 23
31 44 30 45 20
13 6 1 37 37
30 24 28 41 40
27 31 37 9 11
7 23 21 2 16
21 32 38 25 50
29 22 25 10 48
31 26 3 26 4
8 23 6 34 25
8 34 20 19 30
42 21 47 24 17
22 16 17 23 20
21 13 12 44 14
10 25 8 20 21
47 27 35 10 32
11 27 46 8 28
39 38 27 11 43
40 47 37 38 31
37 28 1 22 34
31 45 2 15 22
29 50 11 22 11
39 23 36 35 42
26 7 1 32 9
2 42 30 20 22
11 9 43 11 36
39 43 37 2 35
22 48 43 11 47
4 12 24 34 31
41 17 37 38 40
49 11 23 26 50
48 44 48 40 23
32 47 14 24 42
20 10 18 21 12
6 28 34 44 8
8 31 13 33 10
1 10 2 20 21
49 8 50 21 16
21 27 11 24 6
28 31 6 24 22
33 38 1 43 45
22 35 34 37 6
5 1 35 43 25
12 18 5 20 5
38 26 3 46 5
5 17 10 44 47
12 37 20 36 10
31 27 15 19 10
23 41 36 4 27
47 44 8 36 18
18 21 44 13 44
35 26 2 9 21
34 11 29 28 35
5 8 13 9 21
15 47 7 3 4
35 44 30 39 49
15 49 31 41 31
8 22 20 4 5
50 25 47 30 21
20 45 15 22 6
44 21 40 39 19
38 36 36 10 14
47 48 24 33 34
14 3 20 46 38
18 45 36 18 28
50 50 47 46 25
12 6 30 48 29
23 49 23 42 17
2 38 34 36 33
14 23 41 4 46
8 6 3 13 7
15 26 22 40 5
43 34 9 5 30
1 27 22 30 1
47 29 25 11 9
36 32 38 24 43
18 40 9 10 39
42 31 28 6 30
26 34 20 25 22
33 3 27 30 33
37 50 36 1 29
42 47 4 48 22
12 8 27 9 25
32 41 3 27 45
11 17 42 20 32
40 2 20 37 50
23 29 25 34 7
8 25 5 27 19
50 17 46 22 26
24 33 16 10 39
2 22 29 49 10
19 15 10 27 26
35 33 49 49 12
