30 15 5
1013 1996 1579 1863 980 705 1637 1906 520 567 1209 1154 1150 1021 838 1039 1094 1628 1633 807 706 739 1231 1466 1356 711 866 521 1963 602
1224 506 1901 1558 1106 831 1568 1744 764 1847 1331 1873 1762 1154 1533 953 1183 779 1480 921 1845 1691 1893 758 570 1581 1106 1748 899 1097
19 9 9 19 25
5 25 19 16 17
5 21 27 21 10
14 8 24 12 7
7 28 20 29 6
25 21 27 10 9
29 5 6 17 21
9 17 8 17 7
25 8 5 24 27
11 25 24 30 26
20 10 30 11 27
13 27 8 13 11
21 12 29 14 16
8 25 24 8 29
17 5 23 23 18
20 12 22 11 14
21 10 15 30 14
26 29 12 28 26
20 10 17 20 6
18 6 21 29 22
29 20 7 24 11
5 19 5 28 18
30 6 18 28 6
23 20 13 22 11
9 7 14 11 26
19 29 30 16 19
25 12 14 10 16
25 7 18 28 29
30 18 26 17 24
17 25 26 8 27
126 42 120 52 160
133 184 117 64 174
145 97 128 79 134
199 134 118 53 20
56 33 110 134 174
132 189 148 90 25
200 154 45 47 40
162 195 73 59 81
179 145 119 91 56
86 105 44 42 145
112 121 148 124 77
95 59 74 139 66
99 69 164 168 73
198 27 162 127 74
184 108 176 197 192
32 22 28 29 58
74 86 47 34 104
59 50 36 23 48
67 66 68 23 7
19 19 33 61 66
70 86 38 53 10
49 75 15 20 10
46 73 26 13 37
88 52 30 54 26
48 31 16 23 35
26 39 77 40 17
45 12 17 70 29
23 29 40 77 35
85 14 55 58 15
70 47 91 82 56
31 47 42 22 18
1 15 26 2 40
26 32 21 32 45
35 27 45 33 1
13 16 13 45 21
22 48 33 3 34
36 33 41 1 21
50 1 21 31 29
24 8 49 33 50
40 41 40 32 36
28 33 32 4 40
16 36 1 16 47
38 1 4 42 46
41 50 23 39 2
48 3 38 29 11
18 35 50 25 46
23 16 50 7 6
47 3 43 40 28
32 7 48 3 48
35 6 29 48 4
17 47 41 22 10
30 13 49 32 41
27 10 27 38 30
47 26 11 14 45
39 28 24 39 45
7 40 48 35 39
38 7 7 44 6
11 27 1 39 11
37 37 24 6 22
39 34 42 1 36
11 23 45 6 25
10 2 39 31 46
5 41 2 15 11
23 23 37 27 2
37 35 27 31 46
29 15 40 22 10
44 16 46 39 27
43 22 44 17 34
3 39 36 5 48
47 37 26 44 48
6 33 29 37 44
45 40 44 24 22
35 46 49 37 45
4 32 39 21 10
31 4 7 23 41
29 18 42 33 35
15 34 44 43 35
19 30 46 3 8
20 27 8 49 18
3 5 43 47 45
44 10 48 25 2
44 13 20 25 47
50 22 34 4 24
2 42 33 22 6
18 12 33 19 2
28 21 22 48 22
24 17 49 29 35
48 16 34 3 5
39 32 16 32 14
5 43 7 40 11
14 4 40 30 33
10 38 44 27 27
9 14 38 7 24
26 11 49 37 45
48 50 49 22 4
30 30 34 12 1
17 14 50 21 44
7 23 37 50 21
16 16 5 50 1
41 37 48 38 6
13 10 14 40 33
1 14 39 18 7
21 20 41 45 33
3 41 22 48 38
6 18 48 10 17
8 31 25 33 11
16 29 10 34 38
4 46 6 26 11
47 29 14 47 33
21 20 1 25 16
27 47 36 7 43
16 11 21 47 23
18 27 29 26 6
6 15 31 18 26
17 22 45 23 6
30 41 44 31 5
3 47 8 23 33
34 18 41 3 16
9 39 37 5 26
40 40 35 28 13
38 10 12 37 35
22 31 28 5 1
42 15 30 50 44
48 25 34 37 28
9 19 32 34 22
25 10 39 23 18
24 10 3 9 47
8 4 8 37 15
37 36 8 24 37
22 1 11 45 11
1 39 8 50 1
14 48 17 36 9
39 39 13 38 35
38 13 41 2 43
37 35 32 9 9
17 7 37 24 17
42 20 1 23 20
16 31 28 28 35
31 3 27 30 20
43 11 39 1 36
30 20 46 31 38
22 6 19 1 27
38 20 24 1 39
30 30 43 5 8
36 17 21 28 8
41 6 43 26 13
19 7 23 50 4
19 19 1 17 2
27 45 4 48 19
17 2 5 13 17
32 38 22 48 3
50 47 33 5 2
30 27 30 34 36
37 14 28 36 25
46 30 10 39 28
26 29 38 45 32
45 12 13 37 9
11 33 29 17 37
24 14 23 39 50
20 41 29 17 25
4 35 46 27 7
4 17 27 43 21
35 13 36 14 18
30 31 17 42 2
18 3 29 24 26
27 36 8 12 41
18 31 17 48 1
37 27 38 27 15
19 44 31 25 9
32 47 10 24 48
44 25 36 42 38
16 37 11 32 17
18 18 40 8 19
42 13 7 7 17
43 8 14 7 27
13 27 31 47 38
15 5 44 41 38
22 1 14 6 21
14 9 26 11 32
27 20 34 7 25
25 38 5 8 37
5 2 23 37 39
19 28 32 8 14
33 19 3 26 11
25 10 34 41 35
8 22 45 25 2
2 23 38 29 12
31 33 5 38 21
21 25 45 16 25
21 29 29 22 38
26 17 46 44 44
18 25 16 29 14
26 33 28 35 11
20 16 45 19 9
17 27 27 44 8
29 39 5 26 26
50 31 8 38 32
25 32 1 40 35
44 45 30 11 8
13 43 23 34 14
49 7 49 11 1
46 45 42 16 32
33 27 40 21 39
2 28 23 36 10
24 24 28 13 7
36 10 45 29 47
44 32 10 18 23
40 12 47 36 27
30 42 40 8 44
20 5 10 36 49
15 31 50 12 27
27 23 44 34 18
18 50 23 11 49
8 42 47 15 22
24 39 6 24 9
43 47 15 48 18
50 20 3 33 18
34 39 7 2 22
45 7 19 28 18
11 9 47 50 10
39 28 21 16 40
2 11 22 50 16
15 39 16 24 13
11 11 38 13 48
20 46 38 50 6
18 28 28 39 13
34 4 24 12 21
7 35 33 24 25
12 18 17 34 33
14 10 26 7 32
46 10 33 6 9
38 6 12 37 36
28 49 49 2 42
27 12 40 33 20
12 11 28 50 20
49 6 46 21 1
14 27 42 47 25
20 2 23 35 13
20 21 5 17 34
13 11 6 9 18
19 8 39 11 2
40 30 24 14 43
30 8 12 20 33
24 45 11 35 25
26 26 47 39 14
25 30 9 13 32
35 46 30 49 39
8 4 16 25 32
39 21 15 1 27
10 43 34 49 8
49 39 17 23 50
33 16 24 5 7
50 22 39 37 41
13 16 12 4 35
45 45 9 49 6
29 6 19 49 29
48 24 37 23 47
9 46 15 18 4
21 27 48 47 10
34 26 50 27 28
5 2 39 15 31
15 5 46 42 40
31 44 25 30 1
46 37 37 42 16
43 49 34 49 47
22 5 1 36 39
36 19 25 24 24
31 40 26 31 2
2 10 26 43 39
21 32 34 41 30
26 30 36 20 29
28 50 20 47 17
48 45 39 28 21
26 17 12 13 14
28 36 32 28 1
31 30 43 17 22
8 32 37 12 39
43 33 14 31 50
22 24 25 49 24
30 29 31 25 5
47 19 20 21 11
30 25 50 31 36
45 23 48 41 46
16 41 43 47 15
4 46 36 39 45
33 37 25 10 3
7 48 30 14 15
38 14 29 17 23
23 16 37 15 7
11 14 27 17 35
13 30 22 38 39
18 40 43 29 9
38 25 50 21 18
28 42 15 26 31
31 5 1 48 3
26 44 15 28 7
8 22 15 44 38
23 13 37 41 5
7 33 22 1 25
3 50 1 19 16
24 10 5 31 35
35 41 8 21 41
7 43 15 21 39
50 12 17 20 2
33 23 49 26 42
10 35 24 48 36
4 29 5 27 42
35 4 3 7 44
34 21 4 16 16
42 32 21 19 17
24 41 26 16 39
13 26 50 42 4
7 42 27 38 48
43 49 38 40 1
34 20 45 6 38
27 5 30 21 4
47 19 4 26 14
9 40 22 14 32
46 21 46 14 42
16 29 45 15 41
18 15 14 25 10
48 46 45 40 19
45 10 8 45 9
29 29 21 29 17
26 26 33 32 25
39 24 25 8 26
3 13 8 4 23
4 30 47 46 5
35 10 31 11 5
22 29 30 13 7
25 9 15 25 29
49 28 22 31 17
37 19 19 19 46
23 13 9 48 45
34 23 22 45 13
35 33 24 18 35
44 36 36 23 36
5 29 20 46 12
45 3 35 25 24
9 43 6 27 28
8 23 37 39 21
14 14 44 45 13
8 23 27 33 8
36 28 34 30 44
30 27 44 40 30
44 19 5 6 32
15 19 39 47 1
48 34 23 8 42
39 25 36 40 23
32 32 2 18 28
6 40 18 17 24
25 34 42 37 36
47 32 7 40 44
22 26 16 44 28
41 21 20 5 47
34 38 3 13 31
3 15 29 39 47
20 47 43 6 12
3 12 1 8 3
19 43 34 6 33
10 5 9 32 24
5 24 6 39 36
30 15 39 50 30
8 21 49 11 36
27 5 42 46 7
48 34 25 42 19
21 3 24 14 15
44 7 3 15 3
16 40 2 8 47
44 25 8 37 24
9 47 25 16 44
8 43 38 25 24
40 43 18 44 41
26 1 21 43 30
21 2 47 19 22
2 17 13 48 13
3 35 46 1 2
27 16 11 12 27
47 41 24 41 12
28 24 16 28 10
28 13 31 38 13
28 23 23 22 7
15 49 20 43 42
24 32 15 36 31
41 48 24 31 23
7 33 43 46 42
45 47 6 22 36
2 13 26 29 49
39 20 23 48 34
36 2 47 18 37
35 10 37 38 28
27 18 17 42 7
9 41 9 32 22
20 13 33 8 37
6 7 32 11 49
50 44 50 13 19
4 46 26 46 22
14 21 28 37 3
29 31 14 35 33
22 30 50 34 6
47 34 40 38 47
28 21 26 14 37
49 43 28 7 31
29 11 31 27 40
26 10 20 22 34
23 4 46 7 41
12 17 15 36 6
10 2 25 48 33
24 4 7 45 22
23 37 24 45 21
46 17 32 9 16
26 31 18 47 28
5 10 37 5 50
30 18 31 27 29
37 50 41 45 14
45 29 16 13 29
17 45 26 1 23
38 16 2 15 37
37 23 47 43 3
2 4 14 41 5
27 10 6 50 50
3 50 30 28 49
50 4 43 10 50
41 18 25 26 35
25 43 11 23 15
9 48 44 12 17
45 34 9 9 34
9 3 13 4 46
43 5 7 30 22
6 34 13 43 11
15 25 28 34 26
32 21 44 24 6
24 34 16 14 37
29 14 28 3 46
2 26 28 19 26
4 22 13 16 46
32 6 43 2 39
50 16 18 5 36
35 30 1 28 42
6 1 16 47 38
41 35 46 9 21
17 29 38 12 16
40 32 23 5 5
39 27 28 8 30
22 15 20 41 5
38 3 25 33 36
42 27 34 3 20
47 32 29 35 47
42 35 4 34 13
50 1 1 24 28
42 32 36 34 20
11 39 47 49 47
29 17 28 46 29
32 24 42 38 15
33 40 35 35 10
38 9 29 8 39
37 18 23 34 43
1 36 47 10 24
37 13 24 40 42
17 13 5 50 17
27 46 21 27 21
5 41 44 36 17
3 48 40 14 46
29 49 25 8 40
47 28 44 50 39
2 11 12 3 42
47 28 6 12 49
11 17 16 8 18
19 18 36 2 31
42 18 20 21 34
6 3 30 4 41
23 7 37 41 47
36 40 10 50 25
23 1 28 28 27
3 40 42 16 16
4 27 2 33 33
5 12 29 36 26
33 21 44 15 8
6 45 17 38 45
49 23 15 23 41
